INFORME SOBRE EL PCA.
-------------------------
Ingrese la cantidad de componentes principales (1-150): 3
Eigenvalores
[776.59312977 557.06236706 291.85737351]
Eigenvectores
[[ 0.00532353  0.00944423 -0.01488606]
 [ 0.0045904   0.00709388 -0.02325711]
 [ 0.00702903  0.00263083 -0.02417266]
 ...
 [ 0.00053245  0.02741463  0.02839505]
 [-0.01725084  0.02494875  0.02587669]
 [-0.02975506  0.01553268  0.01567421]]
Porcentaje de Varianza Explicada por cada componente
[47.77526797 34.26994503 17.954787  ]
Componente Principal para eje X = 1
Componente Principal para eje Y = 2
Componente Principal para eje Z = 3
Porcentajes de Varianza X = 47.775267974989944
Porcentajes de Varianza Y = 34.26994502605331
Porcentajes de Varianza Z = 17.95478699895675
Eje X 		 Eje Y 		 Eje Z
[56.98769184]	[-57.25559386]	[5.79601909]
[0.59962118]	[-10.79829911]	[16.83902612]
[11.50022464]	[-22.38115273]	[22.77450533]
[6.29098714]	[-20.8738614]	[25.39724929]
[0.36256911]	[-10.24002166]	[21.08780045]
[5.28441748]	[-13.09880865]	[30.91553783]
[14.80854653]	[-23.59090908]	[24.75221184]
[15.27663667]	[-23.2409283]	[12.72888685]
[7.74950408]	[-12.53511105]	[38.62525889]
[0.61698554]	[-8.12471067]	[30.97698975]
[5.44800391]	[-10.13779211]	[42.95683973]
[-0.56195614]	[-13.57618771]	[27.78309585]
[5.12987983]	[-9.96002512]	[28.00817876]
[-45.99711302]	[20.07954341]	[20.21330717]
[-36.45478661]	[12.32941476]	[23.54693513]
[-35.6438273]	[13.38086692]	[20.21835501]
[-48.43308134]	[19.63913983]	[20.49280311]
[-10.58431675]	[-7.90196743]	[20.1551402]
[-26.31228343]	[1.83623001]	[18.00318001]
[-29.75534886]	[7.13624289]	[23.49763988]
[-21.66894236]	[-0.08224817]	[21.95659342]
[-20.2975415]	[-1.93221608]	[19.52796641]
[-33.19468341]	[9.14147738]	[22.70088341]
[-29.15047586]	[8.51376248]	[23.06392198]
[-28.8969295]	[7.78221908]	[21.35573867]
[-52.96983842]	[25.3722624]	[25.04070974]
[10.71472742]	[-26.11047829]	[8.79904117]
[12.86957271]	[-29.89497079]	[11.84001955]
[29.46781483]	[-36.47796975]	[3.28369612]
[27.64133961]	[-39.82342359]	[6.75186024]
[-23.9500534]	[-5.53065403]	[14.22753889]
[-8.77506489]	[-10.53567348]	[6.0793716]
[-12.65643016]	[-6.93018864]	[12.99511043]
[-12.57223617]	[-9.66147491]	[16.61657429]
[2.85814905]	[-23.44469001]	[16.22976383]
[14.42803751]	[-24.86689017]	[4.34544197]
[15.32902273]	[-28.09575376]	[8.82345412]
[21.47210998]	[-35.6198677]	[6.15781878]
[18.89115795]	[-34.43762476]	[9.66551438]
[-40.73655848]	[13.02560548]	[22.52718621]
[-36.87301488]	[9.71990217]	[21.79659385]
[-30.04454606]	[8.74958947]	[19.21555022]
[-34.42780482]	[10.36032157]	[13.16907686]
[-37.9921717]	[16.60369425]	[23.30781808]
[15.02131313]	[-25.08714768]	[2.30187884]
[18.34955001]	[-27.69401276]	[4.10019026]
[-23.168373]	[1.71477722]	[16.92154617]
[-29.07618857]	[7.15911081]	[28.74687286]
[3.69847436]	[-20.58048683]	[11.31194771]
[17.24619953]	[-24.92784051]	[5.23978642]
[11.61205393]	[16.22549811]	[-2.38404796]
[10.87896887]	[24.91233988]	[-4.80125712]
[17.05040792]	[24.21865097]	[-6.40675331]
[44.05502989]	[53.15785133]	[-9.62417439]
[19.42823266]	[48.51453366]	[-4.82038877]
[8.79414821]	[83.64295976]	[8.53829994]
[26.37549203]	[58.32405516]	[0.5502196]
[7.44220993]	[39.8692318]	[7.23145461]
[15.49765726]	[66.28301452]	[-5.93079807]
[2.30471727]	[35.90761297]	[-3.41064364]
[-12.56094996]	[21.70954388]	[0.64734703]
[26.50372948]	[25.58390966]	[-1.89500049]
[40.42477384]	[40.52805448]	[-6.71980011]
[33.80015669]	[14.8288546]	[-9.83954298]
[40.4498316]	[12.75055801]	[-0.25436914]
[42.43799393]	[45.13108617]	[-7.99355449]
[28.81850827]	[-10.91326952]	[-3.39933196]
[38.86550055]	[-18.09266737]	[-13.42389123]
[44.03001804]	[-19.96707684]	[-8.00570384]
[32.25327328]	[-19.82612318]	[-11.32016534]
[75.44567101]	[-27.54342542]	[-19.99854615]
[80.21219042]	[-39.50356365]	[-14.85379469]
[7.41451082]	[39.99990494]	[10.27364329]
[43.49836012]	[72.08180157]	[-0.47742142]
[15.7289632]	[34.23029695]	[3.91444898]
[-5.64258101]	[10.03999405]	[9.65591804]
[55.05542291]	[18.97422061]	[-7.11331144]
[30.52200116]	[15.57525469]	[-5.13543089]
[21.029912]	[9.40297877]	[-8.68572311]
[41.3949928]	[-10.60831028]	[-3.09237952]
[35.94043963]	[-13.53647625]	[-2.95336658]
[41.14718469]	[15.99453243]	[-2.42055016]
[41.44549297]	[5.29033556]	[-8.20866015]
[34.44308086]	[-26.51844365]	[-1.802436]
[39.34240392]	[-8.03559082]	[-5.90953589]
[23.17957121]	[6.94437715]	[-1.91416337]
[32.54024322]	[11.31173309]	[0.37778276]
[30.29399461]	[8.50999546]	[-8.61962544]
[22.54486177]	[10.36926654]	[-7.38870176]
[27.82159547]	[-10.10639116]	[-6.96278475]
[10.72427007]	[2.16995417]	[15.40295348]
[0.47125751]	[5.12058291]	[3.56736288]
[-4.61742789]	[-7.28643213]	[5.39012852]
[-0.31276277]	[-10.58521896]	[5.60699067]
[-6.70393137]	[-7.83865562]	[5.62162615]
[52.36887575]	[49.10839361]	[0.75029365]
[-0.83727009]	[-12.68588881]	[10.14634533]
[48.33943528]	[50.5161816]	[6.96856004]
[1.45028853]	[-0.73227127]	[2.13173662]
[48.85233162]	[70.60954431]	[1.68179618]
[-40.90197529]	[1.35672066]	[-23.41403924]
[-33.82636256]	[5.89051506]	[-9.51984227]
[-25.10081177]	[-6.03908107]	[-11.44201757]
[-24.71505428]	[-2.9730025]	[-19.06478159]
[-12.88519813]	[-16.05445933]	[-17.62159094]
[-1.03309343]	[-15.23467069]	[-5.86675951]
[7.85427284]	[-23.60061347]	[-4.46240654]
[-3.78929794]	[-18.11634924]	[-22.16975846]
[-43.61542932]	[20.22241872]	[1.99241367]
[-51.29459237]	[25.67996065]	[-53.65607999]
[-48.77917124]	[14.66483945]	[-38.45038473]
[-29.85997959]	[9.12333231]	[-24.33131104]
[-3.37234169]	[-14.479831]	[-1.11337062]
[-23.60640249]	[-6.38576878]	[-10.29917832]
[-25.06075226]	[-6.03237243]	[1.25491407]
[-28.01692442]	[-3.12711582]	[-26.24479588]
[-26.18424999]	[-5.38267661]	[-8.26562843]
[-15.20321863]	[-13.42060624]	[-6.48098788]
[-0.90623612]	[-20.2242189]	[-4.77703198]
[-8.00438081]	[-13.69375971]	[0.5904548]
[-24.4101749]	[-5.8035843]	[6.43752555]
[-20.51743004]	[-7.28253658]	[-7.13848041]
[-13.50572075]	[-13.69524072]	[-11.77678634]
[-7.57198439]	[-9.69642371]	[-8.95123557]
[-17.13910398]	[-7.87370586]	[-14.08765818]
[-18.86418481]	[-9.67999319]	[-6.24405523]
[-10.02990646]	[-18.3148853]	[-16.12271188]
[3.30316214]	[-26.8361782]	[-19.59284709]
[-15.65438233]	[-7.94987281]	[4.67372927]
[-15.97007965]	[-9.48073155]	[-9.58143733]
[-20.22064605]	[-3.88963458]	[-6.54898328]
[-14.59923892]	[-5.77182869]	[-3.65311956]
[0.76362555]	[-19.24438227]	[-6.485897]
[-0.62298135]	[-19.27163175]	[-9.71880008]
[-9.5210404]	[-10.89244386]	[-27.08468588]
[-25.9219119]	[2.83696728]	[-19.86030351]
[-43.50152695]	[0.7317985]	[-30.74183867]
[-35.96968615]	[9.20209959]	[-19.61267606]
[-35.21929022]	[3.43236132]	[-23.90871994]
[-32.33180279]	[4.84640042]	[-24.62744668]
[-21.86474802]	[-3.44271226]	[-18.67515458]
[-8.35265406]	[-12.352227]	[-22.54970113]
[-1.13962474]	[-21.79536711]	[-18.11612441]
[-26.75254884]	[-7.67957607]	[-48.53232134]
[-14.47974194]	[-13.97051941]	[-25.64711366]
[-1.28116726]	[-16.48481473]	[-19.95799746]
[-10.30298654]	[-15.13470491]	[-25.32071956]
[-29.47879338]	[1.50927076]	[-25.72470326]
[-28.22143145]	[0.16661263]	[-30.57067077]
[-11.72490219]	[-9.50825447]	[-22.4963639]
RESULTADO PCA
[[ 5.69876918e+01 -5.72555939e+01  5.79601909e+00]
 [ 5.99621181e-01 -1.07982991e+01  1.68390261e+01]
 [ 1.15002246e+01 -2.23811527e+01  2.27745053e+01]
 [ 6.29098714e+00 -2.08738614e+01  2.53972493e+01]
 [ 3.62569111e-01 -1.02400217e+01  2.10878005e+01]
 [ 5.28441748e+00 -1.30988086e+01  3.09155378e+01]
 [ 1.48085465e+01 -2.35909091e+01  2.47522118e+01]
 [ 1.52766367e+01 -2.32409283e+01  1.27288869e+01]
 [ 7.74950408e+00 -1.25351110e+01  3.86252589e+01]
 [ 6.16985536e-01 -8.12471067e+00  3.09769897e+01]
 [ 5.44800391e+00 -1.01377921e+01  4.29568397e+01]
 [-5.61956137e-01 -1.35761877e+01  2.77830959e+01]
 [ 5.12987983e+00 -9.96002512e+00  2.80081788e+01]
 [-4.59971130e+01  2.00795434e+01  2.02133072e+01]
 [-3.64547866e+01  1.23294148e+01  2.35469351e+01]
 [-3.56438273e+01  1.33808669e+01  2.02183550e+01]
 [-4.84330813e+01  1.96391398e+01  2.04928031e+01]
 [-1.05843168e+01 -7.90196743e+00  2.01551402e+01]
 [-2.63122834e+01  1.83623001e+00  1.80031800e+01]
 [-2.97553489e+01  7.13624289e+00  2.34976399e+01]
 [-2.16689424e+01 -8.22481745e-02  2.19565934e+01]
 [-2.02975415e+01 -1.93221608e+00  1.95279664e+01]
 [-3.31946834e+01  9.14147738e+00  2.27008834e+01]
 [-2.91504759e+01  8.51376248e+00  2.30639220e+01]
 [-2.88969295e+01  7.78221908e+00  2.13557387e+01]
 [-5.29698384e+01  2.53722624e+01  2.50407097e+01]
 [ 1.07147274e+01 -2.61104783e+01  8.79904117e+00]
 [ 1.28695727e+01 -2.98949708e+01  1.18400195e+01]
 [ 2.94678148e+01 -3.64779697e+01  3.28369612e+00]
 [ 2.76413396e+01 -3.98234236e+01  6.75186024e+00]
 [-2.39500534e+01 -5.53065403e+00  1.42275389e+01]
 [-8.77506489e+00 -1.05356735e+01  6.07937160e+00]
 [-1.26564302e+01 -6.93018864e+00  1.29951104e+01]
 [-1.25722362e+01 -9.66147491e+00  1.66165743e+01]
 [ 2.85814905e+00 -2.34446900e+01  1.62297638e+01]
 [ 1.44280375e+01 -2.48668902e+01  4.34544197e+00]
 [ 1.53290227e+01 -2.80957538e+01  8.82345412e+00]
 [ 2.14721100e+01 -3.56198677e+01  6.15781878e+00]
 [ 1.88911580e+01 -3.44376248e+01  9.66551438e+00]
 [-4.07365585e+01  1.30256055e+01  2.25271862e+01]
 [-3.68730149e+01  9.71990217e+00  2.17965939e+01]
 [-3.00445461e+01  8.74958947e+00  1.92155502e+01]
 [-3.44278048e+01  1.03603216e+01  1.31690769e+01]
 [-3.79921717e+01  1.66036943e+01  2.33078181e+01]
 [ 1.50213131e+01 -2.50871477e+01  2.30187884e+00]
 [ 1.83495500e+01 -2.76940128e+01  4.10019026e+00]
 [-2.31683730e+01  1.71477722e+00  1.69215462e+01]
 [-2.90761886e+01  7.15911081e+00  2.87468729e+01]
 [ 3.69847436e+00 -2.05804868e+01  1.13119477e+01]
 [ 1.72461995e+01 -2.49278405e+01  5.23978642e+00]
 [ 1.16120539e+01  1.62254981e+01 -2.38404796e+00]
 [ 1.08789689e+01  2.49123399e+01 -4.80125712e+00]
 [ 1.70504079e+01  2.42186510e+01 -6.40675331e+00]
 [ 4.40550299e+01  5.31578513e+01 -9.62417439e+00]
 [ 1.94282327e+01  4.85145337e+01 -4.82038877e+00]
 [ 8.79414821e+00  8.36429598e+01  8.53829994e+00]
 [ 2.63754920e+01  5.83240552e+01  5.50219604e-01]
 [ 7.44220993e+00  3.98692318e+01  7.23145461e+00]
 [ 1.54976573e+01  6.62830145e+01 -5.93079807e+00]
 [ 2.30471727e+00  3.59076130e+01 -3.41064364e+00]
 [-1.25609500e+01  2.17095439e+01  6.47347035e-01]
 [ 2.65037295e+01  2.55839097e+01 -1.89500049e+00]
 [ 4.04247738e+01  4.05280545e+01 -6.71980011e+00]
 [ 3.38001567e+01  1.48288546e+01 -9.83954298e+00]
 [ 4.04498316e+01  1.27505580e+01 -2.54369145e-01]
 [ 4.24379939e+01  4.51310862e+01 -7.99355449e+00]
 [ 2.88185083e+01 -1.09132695e+01 -3.39933196e+00]
 [ 3.88655005e+01 -1.80926674e+01 -1.34238912e+01]
 [ 4.40300180e+01 -1.99670768e+01 -8.00570384e+00]
 [ 3.22532733e+01 -1.98261232e+01 -1.13201653e+01]
 [ 7.54456710e+01 -2.75434254e+01 -1.99985461e+01]
 [ 8.02121904e+01 -3.95035636e+01 -1.48537947e+01]
 [ 7.41451082e+00  3.99999049e+01  1.02736433e+01]
 [ 4.34983601e+01  7.20818016e+01 -4.77421421e-01]
 [ 1.57289632e+01  3.42302969e+01  3.91444898e+00]
 [-5.64258101e+00  1.00399940e+01  9.65591804e+00]
 [ 5.50554229e+01  1.89742206e+01 -7.11331144e+00]
 [ 3.05220012e+01  1.55752547e+01 -5.13543089e+00]
 [ 2.10299120e+01  9.40297877e+00 -8.68572311e+00]
 [ 4.13949928e+01 -1.06083103e+01 -3.09237952e+00]
 [ 3.59404396e+01 -1.35364762e+01 -2.95336658e+00]
 [ 4.11471847e+01  1.59945324e+01 -2.42055016e+00]
 [ 4.14454930e+01  5.29033556e+00 -8.20866015e+00]
 [ 3.44430809e+01 -2.65184436e+01 -1.80243600e+00]
 [ 3.93424039e+01 -8.03559082e+00 -5.90953589e+00]
 [ 2.31795712e+01  6.94437715e+00 -1.91416337e+00]
 [ 3.25402432e+01  1.13117331e+01  3.77782765e-01]
 [ 3.02939946e+01  8.50999546e+00 -8.61962544e+00]
 [ 2.25448618e+01  1.03692665e+01 -7.38870176e+00]
 [ 2.78215955e+01 -1.01063912e+01 -6.96278475e+00]
 [ 1.07242701e+01  2.16995417e+00  1.54029535e+01]
 [ 4.71257508e-01  5.12058291e+00  3.56736288e+00]
 [-4.61742789e+00 -7.28643213e+00  5.39012852e+00]
 [-3.12762768e-01 -1.05852190e+01  5.60699067e+00]
 [-6.70393137e+00 -7.83865562e+00  5.62162615e+00]
 [ 5.23688757e+01  4.91083936e+01  7.50293649e-01]
 [-8.37270087e-01 -1.26858888e+01  1.01463453e+01]
 [ 4.83394353e+01  5.05161816e+01  6.96856004e+00]
 [ 1.45028853e+00 -7.32271273e-01  2.13173662e+00]
 [ 4.88523316e+01  7.06095443e+01  1.68179618e+00]
 [-4.09019753e+01  1.35672066e+00 -2.34140392e+01]
 [-3.38263626e+01  5.89051506e+00 -9.51984227e+00]
 [-2.51008118e+01 -6.03908107e+00 -1.14420176e+01]
 [-2.47150543e+01 -2.97300250e+00 -1.90647816e+01]
 [-1.28851981e+01 -1.60544593e+01 -1.76215909e+01]
 [-1.03309343e+00 -1.52346707e+01 -5.86675951e+00]
 [ 7.85427284e+00 -2.36006135e+01 -4.46240654e+00]
 [-3.78929794e+00 -1.81163492e+01 -2.21697585e+01]
 [-4.36154293e+01  2.02224187e+01  1.99241367e+00]
 [-5.12945924e+01  2.56799607e+01 -5.36560800e+01]
 [-4.87791712e+01  1.46648394e+01 -3.84503847e+01]
 [-2.98599796e+01  9.12333231e+00 -2.43313110e+01]
 [-3.37234169e+00 -1.44798310e+01 -1.11337062e+00]
 [-2.36064025e+01 -6.38576878e+00 -1.02991783e+01]
 [-2.50607523e+01 -6.03237243e+00  1.25491407e+00]
 [-2.80169244e+01 -3.12711582e+00 -2.62447959e+01]
 [-2.61842500e+01 -5.38267661e+00 -8.26562843e+00]
 [-1.52032186e+01 -1.34206062e+01 -6.48098788e+00]
 [-9.06236122e-01 -2.02242189e+01 -4.77703198e+00]
 [-8.00438081e+00 -1.36937597e+01  5.90454795e-01]
 [-2.44101749e+01 -5.80358430e+00  6.43752555e+00]
 [-2.05174300e+01 -7.28253658e+00 -7.13848041e+00]
 [-1.35057207e+01 -1.36952407e+01 -1.17767863e+01]
 [-7.57198439e+00 -9.69642371e+00 -8.95123557e+00]
 [-1.71391040e+01 -7.87370586e+00 -1.40876582e+01]
 [-1.88641848e+01 -9.67999319e+00 -6.24405523e+00]
 [-1.00299065e+01 -1.83148853e+01 -1.61227119e+01]
 [ 3.30316214e+00 -2.68361782e+01 -1.95928471e+01]
 [-1.56543823e+01 -7.94987281e+00  4.67372927e+00]
 [-1.59700797e+01 -9.48073155e+00 -9.58143733e+00]
 [-2.02206460e+01 -3.88963458e+00 -6.54898328e+00]
 [-1.45992389e+01 -5.77182869e+00 -3.65311956e+00]
 [ 7.63625545e-01 -1.92443823e+01 -6.48589700e+00]
 [-6.22981345e-01 -1.92716318e+01 -9.71880008e+00]
 [-9.52104040e+00 -1.08924439e+01 -2.70846859e+01]
 [-2.59219119e+01  2.83696728e+00 -1.98603035e+01]
 [-4.35015269e+01  7.31798501e-01 -3.07418387e+01]
 [-3.59696862e+01  9.20209959e+00 -1.96126761e+01]
 [-3.52192902e+01  3.43236132e+00 -2.39087199e+01]
 [-3.23318028e+01  4.84640042e+00 -2.46274467e+01]
 [-2.18647480e+01 -3.44271226e+00 -1.86751546e+01]
 [-8.35265406e+00 -1.23522270e+01 -2.25497011e+01]
 [-1.13962474e+00 -2.17953671e+01 -1.81161244e+01]
 [-2.67525488e+01 -7.67957607e+00 -4.85323213e+01]
 [-1.44797419e+01 -1.39705194e+01 -2.56471137e+01]
 [-1.28116726e+00 -1.64848147e+01 -1.99579975e+01]
 [-1.03029865e+01 -1.51347049e+01 -2.53207196e+01]
 [-2.94787934e+01  1.50927076e+00 -2.57247033e+01]
 [-2.82214315e+01  1.66612630e-01 -3.05706708e+01]
 [-1.17249022e+01 -9.50825447e+00 -2.24963639e+01]]