INFORME SOBRE EL PCA.
-------------------------
Ingrese la cantidad de componentes principales (1-150): 3
Eigenvalores
[880.29968593 802.38264602 404.20949899]
Eigenvectores
[[-0.00350543 -0.01631619 -0.00222938]
 [ 0.00384499  0.00213929  0.00231292]
 [ 0.00721333  0.01657828  0.00348873]
 ...
 [-0.00017994 -0.02397673  0.03452203]
 [-0.00033072 -0.02356259  0.03431463]
 [-0.00098114 -0.02233625  0.03362145]]
Porcentaje de Varianza Explicada por cada componente
[42.18233417 38.44869361 19.36897222]
Componente Principal para eje X = 1
Componente Principal para eje Y = 2
Componente Principal para eje Z = 3
Porcentajes de Varianza X = 42.182334171646005
Porcentajes de Varianza Y = 38.448693608496676
Porcentajes de Varianza Z = 19.368972219857316
Eje X 		 Eje Y 		 Eje Z
[-29.35377508]	[13.89453731]	[-10.75032194]
[-39.0814605]	[18.24570324]	[-1.534018]
[-45.80509018]	[25.51417095]	[1.49200044]
[-44.56997921]	[23.23398176]	[1.35037328]
[-57.04726677]	[32.86650711]	[7.91882181]
[-83.85711837]	[55.6159769]	[22.89436556]
[-47.25709789]	[25.49783464]	[2.40072178]
[-31.73878191]	[13.35581489]	[-6.46004069]
[-106.80085811]	[73.49214494]	[33.59243112]
[-87.53471492]	[58.07259535]	[25.26118087]
[-127.40652171]	[90.44868311]	[44.68398642]
[-50.87641933]	[27.47602014]	[6.44488008]
[-90.21547036]	[61.08880878]	[26.35322688]
[-10.01204269]	[-4.3389764]	[-13.7978075]
[-20.55025501]	[8.05508839]	[-11.09953494]
[-16.39370826]	[3.36713017]	[-12.60595976]
[-5.12764678]	[-9.657283]	[-15.69475118]
[-18.86918893]	[6.94432858]	[-14.09231143]
[-11.02355007]	[-3.56157988]	[-14.76453931]
[-24.92178037]	[11.73207696]	[-9.30436043]
[-14.36241687]	[1.5007682]	[-14.88515399]
[-13.02463811]	[0.22255069]	[-14.73151968]
[-22.79130445]	[9.94386038]	[-10.12090952]
[-24.40915324]	[10.02064259]	[-8.7503825]
[-18.76521501]	[5.23054525]	[-11.87378301]
[-21.92506227]	[8.48562942]	[-9.0121582]
[-7.48755419]	[-7.18180682]	[-21.85212255]
[-4.71367859]	[-9.0396786]	[-22.20600951]
[-8.93517668]	[-5.40586687]	[-23.77505561]
[-9.84460117]	[-3.61451649]	[-20.51044973]
[-4.62533021]	[-10.80094004]	[-17.79349634]
[-2.50285124]	[-13.63165877]	[-25.27340902]
[-17.07117488]	[-0.74192507]	[-14.33231609]
[-13.78405532]	[-3.35810988]	[-15.78480319]
[-12.32566606]	[-2.78202217]	[-16.47527337]
[-6.45506861]	[-7.85460428]	[-22.47652211]
[-12.15012481]	[-3.47364533]	[-20.52287792]
[-5.1599471]	[-8.38855874]	[-23.43277405]
[-2.01867793]	[-10.90770402]	[-25.005033]
[-18.03022171]	[-0.4662501]	[-9.02229199]
[-12.05376021]	[-4.716278]	[-12.57236291]
[-14.79498903]	[-2.35720661]	[-11.81273449]
[-1.66788158]	[-13.04032445]	[-18.41331672]
[-43.43291865]	[20.35412612]	[3.64534861]
[-9.3841645]	[-4.31149512]	[-17.68935313]
[-7.38342232]	[-5.89464941]	[-19.58612321]
[-20.99314612]	[3.13557468]	[-8.74206517]
[-45.81622535]	[22.70568838]	[4.88431558]
[-11.28724389]	[-3.60523158]	[-15.94418489]
[-17.84357538]	[1.94207061]	[-13.74273462]
[18.04356659]	[6.8638211]	[-8.09187553]
[19.90950629]	[9.3209925]	[-6.53515563]
[23.82362468]	[13.63735067]	[-3.48831501]
[49.11917188]	[44.03379952]	[16.23413259]
[45.19481518]	[38.68733121]	[15.1496151]
[59.71128729]	[54.59446314]	[30.14291986]
[50.80916967]	[44.50548605]	[19.93419795]
[34.7944461]	[26.02293503]	[7.46477716]
[42.56004445]	[35.53448561]	[13.42006974]
[24.03779847]	[13.43369039]	[-2.24987598]
[10.39478827]	[-2.123265]	[-12.00881031]
[29.25417942]	[20.22825725]	[0.23379452]
[45.0732076]	[38.48403106]	[12.53156182]
[29.28855055]	[19.17692234]	[-0.96950887]
[34.18285354]	[24.51248766]	[3.32884222]
[49.99355938]	[42.37668731]	[16.5811199]
[14.08693897]	[1.31268899]	[-13.41837334]
[11.51563083]	[-1.62747241]	[-17.56757927]
[15.30532976]	[3.28570909]	[-14.2483679]
[8.27035693]	[-4.82917818]	[-19.1859872]
[20.01505737]	[8.72355111]	[-14.28769492]
[18.92450449]	[7.32282266]	[-15.87734996]
[35.30578158]	[25.71700747]	[7.32389251]
[69.28633856]	[65.15641607]	[31.5439097]
[33.30395334]	[23.7115339]	[3.88867765]
[11.87700618]	[-0.45104611]	[-12.61958049]
[39.68666599]	[47.37770707]	[2.11595679]
[27.20597417]	[25.40081293]	[-4.32132623]
[19.81330296]	[11.58968713]	[-8.66058414]
[19.76859118]	[13.00085477]	[-10.83895924]
[15.40202925]	[5.83538228]	[-12.52046247]
[34.85918081]	[33.2261736]	[1.98886975]
[27.29569704]	[20.84133485]	[-4.73056827]
[7.5983633]	[-3.95678713]	[-20.6638428]
[17.76038766]	[9.27276671]	[-12.56847585]
[20.55538282]	[14.66330036]	[-8.25092146]
[30.69084359]	[29.92126201]	[-0.93316334]
[22.37559872]	[18.66800014]	[-8.44145783]
[20.45348116]	[15.98283728]	[-9.28975223]
[9.67281126]	[-0.14829535]	[-18.62001904]
[20.4601451]	[9.38671323]	[-4.77572164]
[14.2011231]	[2.50778568]	[-10.62480257]
[1.69566399]	[-13.63117877]	[-20.31308466]
[3.24598077]	[-13.92445569]	[-19.83065648]
[0.97674935]	[-12.99866085]	[-20.7948781]
[60.97641853]	[56.82135147]	[26.48142851]
[1.69064857]	[-13.48307406]	[-20.43183237]
[63.62315018]	[59.95513885]	[29.35452541]
[8.77605947]	[-3.55692847]	[-14.98854129]
[76.06448536]	[74.61873617]	[39.19566138]
[-2.57756862]	[-53.86339962]	[63.28244563]
[-0.57959408]	[-28.47163773]	[12.70947389]
[-0.75697769]	[-33.02262463]	[20.49501203]
[-0.14939139]	[-38.22295519]	[30.16533752]
[-1.44938566]	[-42.27798087]	[40.87101322]
[1.39285948]	[-14.65711583]	[-18.91741895]
[1.34761045]	[-15.06120749]	[-18.22557199]
[0.50314587]	[-35.4670951]	[24.03762677]
[0.13987693]	[-14.4315979]	[-17.79531613]
[-2.11469288]	[-59.06406606]	[76.37531282]
[-0.62771958]	[-55.84258004]	[69.39850794]
[0.31102651]	[-27.22325991]	[8.80916826]
[0.81466487]	[-15.59674703]	[-16.7191756]
[0.06386402]	[-30.36499352]	[14.91496535]
[0.6808154]	[-23.33231881]	[-0.88874781]
[-2.05724789]	[-48.11508812]	[51.60015844]
[0.04504023]	[-27.90407593]	[8.83602015]
[0.50723407]	[-28.49822841]	[9.09263614]
[1.3996025]	[-18.61572396]	[-11.2549327]
[0.86390079]	[-15.4125737]	[-17.69020811]
[-0.01349562]	[-15.99625457]	[-15.73530168]
[0.83692883]	[-29.14930926]	[10.07148432]
[0.20555722]	[-31.15450328]	[14.33073923]
[0.57204092]	[-15.89717068]	[-16.58617652]
[0.66134188]	[-27.11960531]	[5.87518439]
[-0.50085749]	[-28.69667506]	[9.35644474]
[0.820401]	[-37.95195514]	[26.81879052]
[-0.16867253]	[-39.46601475]	[28.2793628]
[0.60055961]	[-15.35497429]	[-17.62290375]
[0.10389052]	[-26.67827621]	[4.03075418]
[0.2645817]	[-19.28344899]	[-9.21706916]
[0.2700004]	[-33.79146586]	[17.85383796]
[0.33988312]	[-27.70750658]	[6.38185822]
[1.04572537]	[-32.82029891]	[16.42259601]
[0.80201954]	[-22.58418647]	[-3.89034653]
[0.15482299]	[-19.45975416]	[-10.46968497]
[-1.15739526]	[-43.29451572]	[40.61758838]
[-0.21753286]	[-21.09630663]	[-5.88577435]
[0.09637391]	[-25.46946315]	[2.25546466]
[0.08942531]	[-23.783026]	[-0.72964841]
[-0.04597083]	[-22.2995146]	[-4.87755486]
[0.23838591]	[-20.91295182]	[-7.1291033]
[0.69178612]	[-20.5886314]	[-8.31064734]
[-1.19267122]	[-56.02368852]	[61.63224977]
[0.57991558]	[-31.84406484]	[15.45914394]
[0.61719088]	[-18.91151732]	[-11.83259958]
[1.05792319]	[-26.00444825]	[2.68283824]
[-0.60367425]	[-26.00702366]	[3.01620818]
[0.38642618]	[-30.00896635]	[11.25862976]
[0.25979682]	[-23.49373286]	[-2.39789063]
RESULTADO PCA
[[-2.93537751e+01  1.38945373e+01 -1.07503219e+01]
 [-3.90814605e+01  1.82457032e+01 -1.53401800e+00]
 [-4.58050902e+01  2.55141709e+01  1.49200044e+00]
 [-4.45699792e+01  2.32339818e+01  1.35037328e+00]
 [-5.70472668e+01  3.28665071e+01  7.91882181e+00]
 [-8.38571184e+01  5.56159769e+01  2.28943656e+01]
 [-4.72570979e+01  2.54978346e+01  2.40072178e+00]
 [-3.17387819e+01  1.33558149e+01 -6.46004069e+00]
 [-1.06800858e+02  7.34921449e+01  3.35924311e+01]
 [-8.75347149e+01  5.80725953e+01  2.52611809e+01]
 [-1.27406522e+02  9.04486831e+01  4.46839864e+01]
 [-5.08764193e+01  2.74760201e+01  6.44488008e+00]
 [-9.02154704e+01  6.10888088e+01  2.63532269e+01]
 [-1.00120427e+01 -4.33897640e+00 -1.37978075e+01]
 [-2.05502550e+01  8.05508839e+00 -1.10995349e+01]
 [-1.63937083e+01  3.36713017e+00 -1.26059598e+01]
 [-5.12764678e+00 -9.65728300e+00 -1.56947512e+01]
 [-1.88691889e+01  6.94432858e+00 -1.40923114e+01]
 [-1.10235501e+01 -3.56157988e+00 -1.47645393e+01]
 [-2.49217804e+01  1.17320770e+01 -9.30436043e+00]
 [-1.43624169e+01  1.50076820e+00 -1.48851540e+01]
 [-1.30246381e+01  2.22550691e-01 -1.47315197e+01]
 [-2.27913045e+01  9.94386038e+00 -1.01209095e+01]
 [-2.44091532e+01  1.00206426e+01 -8.75038250e+00]
 [-1.87652150e+01  5.23054525e+00 -1.18737830e+01]
 [-2.19250623e+01  8.48562942e+00 -9.01215820e+00]
 [-7.48755419e+00 -7.18180682e+00 -2.18521225e+01]
 [-4.71367859e+00 -9.03967860e+00 -2.22060095e+01]
 [-8.93517668e+00 -5.40586687e+00 -2.37750556e+01]
 [-9.84460117e+00 -3.61451649e+00 -2.05104497e+01]
 [-4.62533021e+00 -1.08009400e+01 -1.77934963e+01]
 [-2.50285124e+00 -1.36316588e+01 -2.52734090e+01]
 [-1.70711749e+01 -7.41925073e-01 -1.43323161e+01]
 [-1.37840553e+01 -3.35810988e+00 -1.57848032e+01]
 [-1.23256661e+01 -2.78202217e+00 -1.64752734e+01]
 [-6.45506861e+00 -7.85460428e+00 -2.24765221e+01]
 [-1.21501248e+01 -3.47364533e+00 -2.05228779e+01]
 [-5.15994710e+00 -8.38855874e+00 -2.34327741e+01]
 [-2.01867793e+00 -1.09077040e+01 -2.50050330e+01]
 [-1.80302217e+01 -4.66250102e-01 -9.02229199e+00]
 [-1.20537602e+01 -4.71627800e+00 -1.25723629e+01]
 [-1.47949890e+01 -2.35720661e+00 -1.18127345e+01]
 [-1.66788158e+00 -1.30403245e+01 -1.84133167e+01]
 [-4.34329187e+01  2.03541261e+01  3.64534861e+00]
 [-9.38416450e+00 -4.31149512e+00 -1.76893531e+01]
 [-7.38342232e+00 -5.89464941e+00 -1.95861232e+01]
 [-2.09931461e+01  3.13557468e+00 -8.74206517e+00]
 [-4.58162254e+01  2.27056884e+01  4.88431558e+00]
 [-1.12872439e+01 -3.60523158e+00 -1.59441849e+01]
 [-1.78435754e+01  1.94207061e+00 -1.37427346e+01]
 [ 1.80435666e+01  6.86382110e+00 -8.09187553e+00]
 [ 1.99095063e+01  9.32099250e+00 -6.53515563e+00]
 [ 2.38236247e+01  1.36373507e+01 -3.48831501e+00]
 [ 4.91191719e+01  4.40337995e+01  1.62341326e+01]
 [ 4.51948152e+01  3.86873312e+01  1.51496151e+01]
 [ 5.97112873e+01  5.45944631e+01  3.01429199e+01]
 [ 5.08091697e+01  4.45054861e+01  1.99341979e+01]
 [ 3.47944461e+01  2.60229350e+01  7.46477716e+00]
 [ 4.25600445e+01  3.55344856e+01  1.34200697e+01]
 [ 2.40377985e+01  1.34336904e+01 -2.24987598e+00]
 [ 1.03947883e+01 -2.12326500e+00 -1.20088103e+01]
 [ 2.92541794e+01  2.02282573e+01  2.33794525e-01]
 [ 4.50732076e+01  3.84840311e+01  1.25315618e+01]
 [ 2.92885506e+01  1.91769223e+01 -9.69508872e-01]
 [ 3.41828535e+01  2.45124877e+01  3.32884222e+00]
 [ 4.99935594e+01  4.23766873e+01  1.65811199e+01]
 [ 1.40869390e+01  1.31268899e+00 -1.34183733e+01]
 [ 1.15156308e+01 -1.62747241e+00 -1.75675793e+01]
 [ 1.53053298e+01  3.28570909e+00 -1.42483679e+01]
 [ 8.27035693e+00 -4.82917818e+00 -1.91859872e+01]
 [ 2.00150574e+01  8.72355111e+00 -1.42876949e+01]
 [ 1.89245045e+01  7.32282266e+00 -1.58773500e+01]
 [ 3.53057816e+01  2.57170075e+01  7.32389251e+00]
 [ 6.92863386e+01  6.51564161e+01  3.15439097e+01]
 [ 3.33039533e+01  2.37115339e+01  3.88867765e+00]
 [ 1.18770062e+01 -4.51046110e-01 -1.26195805e+01]
 [ 3.96866660e+01  4.73777071e+01  2.11595679e+00]
 [ 2.72059742e+01  2.54008129e+01 -4.32132623e+00]
 [ 1.98133030e+01  1.15896871e+01 -8.66058414e+00]
 [ 1.97685912e+01  1.30008548e+01 -1.08389592e+01]
 [ 1.54020292e+01  5.83538228e+00 -1.25204625e+01]
 [ 3.48591808e+01  3.32261736e+01  1.98886975e+00]
 [ 2.72956970e+01  2.08413348e+01 -4.73056827e+00]
 [ 7.59836330e+00 -3.95678713e+00 -2.06638428e+01]
 [ 1.77603877e+01  9.27276671e+00 -1.25684758e+01]
 [ 2.05553828e+01  1.46633004e+01 -8.25092146e+00]
 [ 3.06908436e+01  2.99212620e+01 -9.33163336e-01]
 [ 2.23755987e+01  1.86680001e+01 -8.44145783e+00]
 [ 2.04534812e+01  1.59828373e+01 -9.28975223e+00]
 [ 9.67281126e+00 -1.48295348e-01 -1.86200190e+01]
 [ 2.04601451e+01  9.38671323e+00 -4.77572164e+00]
 [ 1.42011231e+01  2.50778568e+00 -1.06248026e+01]
 [ 1.69566399e+00 -1.36311788e+01 -2.03130847e+01]
 [ 3.24598077e+00 -1.39244557e+01 -1.98306565e+01]
 [ 9.76749347e-01 -1.29986609e+01 -2.07948781e+01]
 [ 6.09764185e+01  5.68213515e+01  2.64814285e+01]
 [ 1.69064857e+00 -1.34830741e+01 -2.04318324e+01]
 [ 6.36231502e+01  5.99551389e+01  2.93545254e+01]
 [ 8.77605947e+00 -3.55692847e+00 -1.49885413e+01]
 [ 7.60644854e+01  7.46187362e+01  3.91956614e+01]
 [-2.57756862e+00 -5.38633996e+01  6.32824456e+01]
 [-5.79594084e-01 -2.84716377e+01  1.27094739e+01]
 [-7.56977693e-01 -3.30226246e+01  2.04950120e+01]
 [-1.49391394e-01 -3.82229552e+01  3.01653375e+01]
 [-1.44938566e+00 -4.22779809e+01  4.08710132e+01]
 [ 1.39285948e+00 -1.46571158e+01 -1.89174190e+01]
 [ 1.34761045e+00 -1.50612075e+01 -1.82255720e+01]
 [ 5.03145874e-01 -3.54670951e+01  2.40376268e+01]
 [ 1.39876927e-01 -1.44315979e+01 -1.77953161e+01]
 [-2.11469288e+00 -5.90640661e+01  7.63753128e+01]
 [-6.27719576e-01 -5.58425800e+01  6.93985079e+01]
 [ 3.11026510e-01 -2.72232599e+01  8.80916826e+00]
 [ 8.14664871e-01 -1.55967470e+01 -1.67191756e+01]
 [ 6.38640160e-02 -3.03649935e+01  1.49149654e+01]
 [ 6.80815396e-01 -2.33323188e+01 -8.88747811e-01]
 [-2.05724789e+00 -4.81150881e+01  5.16001584e+01]
 [ 4.50402343e-02 -2.79040759e+01  8.83602015e+00]
 [ 5.07234069e-01 -2.84982284e+01  9.09263614e+00]
 [ 1.39960250e+00 -1.86157240e+01 -1.12549327e+01]
 [ 8.63900795e-01 -1.54125737e+01 -1.76902081e+01]
 [-1.34956202e-02 -1.59962546e+01 -1.57353017e+01]
 [ 8.36928830e-01 -2.91493093e+01  1.00714843e+01]
 [ 2.05557217e-01 -3.11545033e+01  1.43307392e+01]
 [ 5.72040924e-01 -1.58971707e+01 -1.65861765e+01]
 [ 6.61341881e-01 -2.71196053e+01  5.87518439e+00]
 [-5.00857486e-01 -2.86966751e+01  9.35644474e+00]
 [ 8.20401000e-01 -3.79519551e+01  2.68187905e+01]
 [-1.68672534e-01 -3.94660147e+01  2.82793628e+01]
 [ 6.00559614e-01 -1.53549743e+01 -1.76229038e+01]
 [ 1.03890523e-01 -2.66782762e+01  4.03075418e+00]
 [ 2.64581699e-01 -1.92834490e+01 -9.21706916e+00]
 [ 2.70000404e-01 -3.37914659e+01  1.78538380e+01]
 [ 3.39883116e-01 -2.77075066e+01  6.38185822e+00]
 [ 1.04572537e+00 -3.28202989e+01  1.64225960e+01]
 [ 8.02019543e-01 -2.25841865e+01 -3.89034653e+00]
 [ 1.54822986e-01 -1.94597542e+01 -1.04696850e+01]
 [-1.15739526e+00 -4.32945157e+01  4.06175884e+01]
 [-2.17532855e-01 -2.10963066e+01 -5.88577435e+00]
 [ 9.63739100e-02 -2.54694632e+01  2.25546466e+00]
 [ 8.94253058e-02 -2.37830260e+01 -7.29648410e-01]
 [-4.59708325e-02 -2.22995146e+01 -4.87755486e+00]
 [ 2.38385915e-01 -2.09129518e+01 -7.12910330e+00]
 [ 6.91786123e-01 -2.05886314e+01 -8.31064734e+00]
 [-1.19267122e+00 -5.60236885e+01  6.16322498e+01]
 [ 5.79915578e-01 -3.18440648e+01  1.54591439e+01]
 [ 6.17190883e-01 -1.89115173e+01 -1.18325996e+01]
 [ 1.05792319e+00 -2.60044482e+01  2.68283824e+00]
 [-6.03674254e-01 -2.60070237e+01  3.01620818e+00]
 [ 3.86426182e-01 -3.00089664e+01  1.12586298e+01]
 [ 2.59796819e-01 -2.34937329e+01 -2.39789063e+00]]