INFORME SOBRE EL PCA.
-------------------------
Ingrese la cantidad de componentes principales (1-150): 2
Eigenvalores
[880.57100794 798.63395279]
Eigenvectores
[[ 3.49791029e-03 -1.79856717e-02]
 [-3.42475235e-03 -9.14786980e-04]
 [-6.88815397e-03  1.47317289e-02]
 ...
 [-1.13018139e-04 -2.38974443e-02]
 [ 4.26047363e-05 -2.34883774e-02]
 [ 7.09597247e-04 -2.22669168e-02]]
Porcentaje de Varianza Explicada por cada componente
[52.43975742 47.56024258]
Componente Principal para eje X = 1
Componente Principal para eje Y = 2
Componente Principal para eje Z = No aporta
Porcentajes de Varianza X = 52.43975741695881
Porcentajes de Varianza Y = 47.560242583041195
Porcentajes de Varianza Z = N
Eje X 		 Eje Y 		 Eje Z
[29.54403754]	[13.3743113]	N
[39.29332824]	[17.78141735]	o
[46.1056279]	[24.94472378]	 
[44.8485235]	[22.66584087]	A
[57.42228281]	[32.24242969]	p
[84.4930591]	[54.69694508]	o
[47.56846255]	[24.90781918]	r
[31.90363391]	[12.96739713]	t
[107.61677235]	[72.49061825]	a
RESULTADO PCA
[[ 2.95440375e+01  1.33743113e+01]
 [ 3.92933282e+01  1.77814174e+01]
 [ 4.61056279e+01  2.49447238e+01]
 [ 4.48485235e+01  2.26658409e+01]
 [ 5.74222828e+01  3.22424297e+01]
 [ 8.44930591e+01  5.46969451e+01]
 [ 4.75684625e+01  2.49078192e+01]
 [ 3.19036339e+01  1.29673971e+01]
 [ 1.07616772e+02  7.24906183e+01]
 [ 8.81988800e+01  5.71466898e+01]
 [ 1.28403337e+02  8.92440031e+01]
 [ 5.12081839e+01  2.68801293e+01]
 [ 9.09197356e+01  6.01046532e+01]
 [ 9.99546664e+00 -4.55834399e+00]
 [ 2.06800265e+01  7.70416710e+00]
 [ 1.64589516e+01  3.10690838e+00]
 [ 5.04190740e+00 -9.79568284e+00]
 [ 1.89757223e+01  6.63496796e+00]
 [ 1.09948702e+01 -3.70619598e+00]
 [ 2.50902466e+01  1.13570351e+01]
 [ 1.44222002e+01  1.18145569e+00]
 [ 1.30679771e+01 -5.46508697e-02]
 [ 2.29431770e+01  9.56809075e+00]
 [ 2.45552588e+01  9.63910778e+00]
 [ 1.88757752e+01  4.82957578e+00]
 [ 2.20540650e+01  8.17076240e+00]
 [ 7.40982893e+00 -7.29185832e+00]
 [ 4.63753815e+00 -9.21200215e+00]
 [ 8.88734687e+00 -5.57937354e+00]
 [ 9.83538110e+00 -3.92703197e+00]
 [ 4.53012824e+00 -1.09621808e+01]
 [ 2.36687490e+00 -1.36801290e+01]
 [ 1.70717631e+01 -9.15191596e-01]
 [ 1.37567044e+01 -3.53980988e+00]
 [ 1.23225183e+01 -3.04885272e+00]
 [ 6.38614192e+00 -8.02301874e+00]
 [ 1.21163294e+01 -3.62978186e+00]
 [ 5.09453856e+00 -8.59867683e+00]
 [ 1.91915248e+00 -1.10661668e+01]
 [ 1.80341404e+01 -6.46374278e-01]
 [ 1.20191649e+01 -4.90798264e+00]
 [ 1.47856022e+01 -2.55522568e+00]
 [ 1.54375602e+00 -1.31451764e+01]
 [ 4.36716292e+01  1.98774074e+01]
 [ 9.35608733e+00 -4.54770188e+00]
 [ 7.34352374e+00 -6.09303729e+00]
 [ 2.10446353e+01  2.84943194e+00]
 [ 4.60874338e+01  2.21963475e+01]
 [ 1.12650624e+01 -3.81962353e+00]
 [ 1.78962295e+01  1.61804710e+00]
 [-1.79470982e+01  6.94247231e+00]
 [-1.97815544e+01  9.42846096e+00]
 [-2.36541527e+01  1.37981134e+01]
 [-4.86316240e+01  4.46098272e+01]
 [-4.47765322e+01  3.92519788e+01]
 [-5.91209255e+01  5.54161999e+01]
 [-5.03195933e+01  4.51099990e+01]
 [-3.45033014e+01  2.64138446e+01]
 [-4.21652075e+01  3.60429854e+01]
 [-2.38697691e+01  1.36255213e+01]
 [-1.04034582e+01 -2.09128089e+00]
 [-2.90178964e+01  2.04632757e+01]
 [-4.46370992e+01  3.89365691e+01]
 [-2.90679125e+01  1.94439009e+01]
 [-3.39049939e+01  2.48525276e+01]
 [-4.95204405e+01  4.29514636e+01]
 [-1.40540439e+01  1.33336210e+00]
 [-1.15189748e+01 -1.62241655e+00]
 [-1.52542349e+01  3.31566436e+00]
 [-8.30429905e+00 -4.87751017e+00]
 [-1.98921062e+01  8.73331451e+00]
 [-1.88082397e+01  7.27777646e+00]
 [-3.50216877e+01  2.61287385e+01]
 [-6.85730513e+01  6.60444313e+01]
 [-3.30275931e+01  2.40519019e+01]
 [-1.18642270e+01 -4.12435200e-01]
 [-3.91152663e+01  4.76361670e+01]
 [-2.69012169e+01  2.56245809e+01]
 [-1.96568480e+01  1.16985802e+01]
 [-1.95887532e+01  1.30569982e+01]
 [-1.53071742e+01  5.84568692e+00]
 [-3.44554236e+01  3.34780084e+01]
 [-2.70312107e+01  2.09925847e+01]
 [-7.60822534e+00 -4.05142854e+00]
 [-1.76245007e+01  9.33004598e+00]
 [-2.03566998e+01  1.47643209e+01]
 [-3.03265964e+01  3.01618236e+01]
 [-2.21352788e+01  1.87965676e+01]
 [-2.02441238e+01  1.60935698e+01]
 [-9.63479294e+00 -2.37450410e-01]
 [-2.03477217e+01  9.52939354e+00]
 [-1.41528581e+01  2.57522590e+00]
 [-1.82041085e+00 -1.38283135e+01]
 [-3.37067930e+00 -1.41513678e+01]
 [-1.09329948e+00 -1.31541295e+01]
 [-6.03472807e+01  5.75237679e+01]
 [-1.82549946e+00 -1.36311059e+01]
 [-6.29659535e+01  6.07149113e+01]
 [-8.79878846e+00 -3.55800479e+00]
 [-7.52588882e+01  7.56062654e+01]
 [ 1.85702815e+00 -5.33954958e+01]
 [ 2.61836246e-01 -2.84856968e+01]
 [ 3.25480751e-01 -3.27833375e+01]
 [-3.45244810e-01 -3.79515610e+01]
 [ 9.45526889e-01 -4.22110748e+01]
 [-1.53265242e+00 -1.47872183e+01]
 [-1.49272602e+00 -1.51828109e+01]
 [-9.68332181e-01 -3.52047672e+01]
 [-2.77072030e-01 -1.45151914e+01]
 [ 1.33660928e+00 -5.85352042e+01]
 [-1.76250856e-01 -5.50410492e+01]
 [-6.05083083e-01 -2.72358795e+01]
 [-9.66893860e-01 -1.57006003e+01]
 [-4.44119863e-01 -3.02040452e+01]
 [-9.66909686e-01 -2.32238504e+01]
 [ 1.44441059e+00 -4.78494633e+01]
 [-3.93239957e-01 -2.77613477e+01]
 [-8.92533195e-01 -2.82366290e+01]
 [-1.62598961e+00 -1.85538779e+01]
 [-1.02281944e+00 -1.55024630e+01]
 [-1.51993401e-01 -1.60552454e+01]
 [-1.24964632e+00 -2.87417962e+01]
 [-6.20952961e-01 -3.08764017e+01]
 [-7.49536284e-01 -1.59057032e+01]
 [-1.02842007e+00 -2.68419438e+01]
 [ 1.22024614e-01 -2.84646134e+01]
 [-1.38461942e+00 -3.73572299e+01]
 [-3.78508568e-01 -3.90066939e+01]
 [-7.74428826e-01 -1.53402549e+01]
 [-4.39047946e-01 -2.65256316e+01]
 [-4.88542251e-01 -1.92450835e+01]
 [-7.39149812e-01 -3.34226648e+01]
 [-6.75796093e-01 -2.76377811e+01]
 [-1.51936812e+00 -3.23673805e+01]
 [-1.06220903e+00 -2.25654867e+01]
 [-3.45282218e-01 -1.95582110e+01]
 [ 5.75036758e-01 -4.28568416e+01]
 [ 8.69001391e-03 -2.11869224e+01]
 [-3.82455561e-01 -2.53966212e+01]
 [-3.62476427e-01 -2.37274650e+01]
 [-1.85970422e-01 -2.23875806e+01]
 [-4.60594569e-01 -2.09928246e+01]
 [-9.03459247e-01 -2.07096490e+01]
 [ 4.21713949e-01 -5.54430640e+01]
 [-1.01585266e+00 -3.15076510e+01]
 [-8.01228376e-01 -1.90541050e+01]
 [-1.38263302e+00 -2.58637027e+01]
 [ 3.36069672e-01 -2.60835713e+01]
 [-7.75262927e-01 -2.97840084e+01]
 [-5.02639240e-01 -2.35939050e+01]]