INFORME SOBRE EL PCA.
-------------------------
Ingrese la cantidad de componentes principales (1-150): 7
Eigenvalores
[2.47794054e+10 1.09448324e+10 5.38814305e+09 1.09110903e+09
 9.53879060e+07 5.99844557e+07 1.92262890e+07]
Eigenvectores
[[-4.58174599e-02 -3.10358246e-02  1.78988468e-01 ... -4.21482594e-01
  -5.70080756e-01 -4.91675881e-02]
 [-4.49438401e-02 -3.16669787e-02  1.76763212e-01 ... -2.65373710e-01
  -4.23787407e-01  6.78860461e-02]
 [-4.47281532e-02 -2.45654964e-02  1.47019076e-01 ... -5.68481776e-03
  -9.50323113e-02  7.95919320e-02]
 ...
 [ 3.09733026e-04  1.49300175e-03 -3.58508161e-03 ...  8.95313896e-03
  -3.82727150e-03  1.10468099e-02]
 [ 2.23237710e-04  1.13179138e-03 -2.90665463e-03 ...  7.24118033e-03
  -3.37846550e-03  8.63083285e-03]
 [ 1.90957242e-04  9.90818204e-04 -2.65542089e-03 ...  6.50375342e-03
  -2.56358355e-03  8.20701959e-03]]
Porcentaje de Varianza Explicada por cada componente
[5.84722111e+01 2.58266307e+01 1.27144551e+01 2.57470091e+00
 2.25087797e-01 1.41545921e-01 4.53684668e-02]
Componente Principal para eje X = 1
Componente Principal para eje Y = 2
Porcentajes de Varianza X = 58.47221106309324
Porcentajes de Varianza Y = 25.826630715441258
Porcentajes de Varianza Z = N
Eje X 		 Eje Y 		 Eje Z
[409361.56126098]	[-34923.80083411]	N
[305171.05006786]	[-38739.14296902]	o
[737582.75521635]	[-27999.06706814]	 
[116926.64962608]	[-48534.11023683]	A
[692525.9386647]	[-29522.51581515]	p
[371171.32193598]	[-37392.27382345]	o
[290793.86337118]	[-42553.96045927]	r
[280617.62781352]	[-40350.84817772]	t
[347586.30136431]	[-40066.52897085]	a
RESULTADO PCA
[[ 4.09361561e+05 -3.49238008e+04]
 [ 3.05171050e+05 -3.87391430e+04]
 [ 7.37582755e+05 -2.79990671e+04]
 [ 1.16926650e+05 -4.85341102e+04]
 [ 6.92525939e+05 -2.95225158e+04]
 [ 3.71171322e+05 -3.73922738e+04]
 [ 2.90793863e+05 -4.25539605e+04]
 [ 2.80617628e+05 -4.03508482e+04]
 [ 3.47586301e+05 -4.00665290e+04]
 [ 4.92593120e+03 -5.07753794e+04]
 [ 3.25978994e+05 -3.87177218e+04]
 [ 5.72315912e+05 -2.51799062e+04]
 [ 2.30460156e+05 -4.20750280e+04]
 [ 4.54591113e+05 -3.24586293e+04]
 [ 5.15129106e+05 -2.98822538e+04]
 [ 2.46061960e+05 -4.21576029e+04]
 [-7.10624568e+04 -5.34452648e+04]
 [ 1.18555112e+05 -4.75948375e+04]
 [-6.35616608e+04 -7.67682369e+04]
 [-4.83786247e+04 -7.68705395e+04]
 [-5.87529220e+04 -7.59418137e+04]
 [-9.38495908e+04 -7.03931703e+04]
 [-1.02203892e+05 -7.04530827e+04]
 [-1.23541417e+05 -6.55547298e+04]
 [-5.32694587e+04 -7.89052242e+04]
 [-7.31483406e+04 -7.34407081e+04]
 [-7.36471328e+04 -7.45028213e+04]
 [-1.75601255e+05 -6.16931572e+04]
 [-1.52650358e+05 -6.26894365e+04]
 [-1.76647079e+05 -5.74382327e+04]
 [-1.13710485e+05 -5.27143786e+04]
 [-7.10692446e+04 -7.33392057e+04]
 [-9.33896596e+04 -6.54228368e+04]
 [-8.90072322e+04 -6.65264073e+04]
 [-3.31991395e+04 -6.95598408e+04]
 [ 1.78949893e+04 -7.45760618e+04]
 [-1.06584494e+05 -6.44876764e+04]
 [-1.85649682e+04 -7.41597788e+04]
 [-1.00048944e+05 -6.49185250e+04]
 [-1.05214246e+05 -6.52599086e+04]
 [-1.04447714e+05 -6.44393434e+04]
 [-3.15279322e+04 -8.20565824e+04]
 [-1.53476434e+04 -7.90052155e+04]
 [-3.58929594e+04 -7.66791085e+04]
 [-8.26233796e+04 -7.17475740e+04]
 [-1.31823976e+05 -6.58891454e+04]
 [-7.90100709e+04 -7.45807819e+04]
 [-8.25885881e+04 -7.13693127e+04]
 [-7.87115618e+04 -7.22558291e+04]
 [-1.13865762e+05 -6.80287093e+04]
 [-9.00331491e+04 -9.79836021e+04]
 [-1.01459472e+05 -9.03211615e+04]
 [-1.34453591e+05 -8.17406778e+04]
 [-9.92052339e+04 -9.21699170e+04]
 [ 5.26681775e+02 -6.68483949e+04]
 [ 6.70491948e+04 -8.84799174e+04]
 [ 2.19733010e+04 -8.79657371e+04]
 [ 1.17240521e+04 -6.79254340e+04]
 [ 1.61210437e+05 -5.86509612e+04]
 [ 6.63811615e+04 -7.07159340e+04]
 [ 2.19569767e+05 -5.49011299e+04]
 [ 1.49225280e+05 -7.66737956e+04]
 [-1.09449410e+05 -8.78005579e+04]
 [-9.34523507e+04 -9.17405781e+04]
 [-1.04110026e+05 -8.57786996e+04]
 [-1.13175624e+05 -9.19056606e+04]
 [-9.58601131e+04 -8.13710400e+04]
 [-9.11998706e+04 -9.39212924e+04]
 [-8.95301238e+04 -9.43690462e+04]
 [-1.29429413e+05 -8.09695025e+04]
 [-1.00071926e+04 -9.05984857e+04]
 [-4.15028143e+04 -9.91272085e+04]
 [-7.01564627e+04 -8.86669596e+04]
 [-2.31726693e+04 -6.83759914e+04]
 [-1.01180767e+05 -8.93060594e+04]
 [-1.04846437e+05 -9.41078728e+04]
 [-1.05046166e+05 -8.67907551e+04]
 [-9.71000850e+04 -9.53952156e+04]
 [ 1.36296192e+05 -6.77537845e+04]
 [ 7.70309550e+04 -7.25031016e+04]
 [ 2.30030590e+05 -6.19409644e+04]
 [ 1.87553150e+05 -6.60564688e+04]
 [-7.93341685e+04 -9.84925274e+04]
 [-1.15485593e+05 -9.15255224e+04]
 [-6.77216752e+04 -9.59182221e+04]
 [-1.07079714e+05 -9.34753857e+04]
 [-6.13244718e+04 -8.65315126e+04]
 [-8.93463868e+04 -9.36257223e+04]
 [-8.79739799e+04 -9.40818683e+04]
 [-1.17264855e+04 -8.12192335e+04]
 [ 5.80494188e+03 -8.37071356e+04]
 [ 4.74314955e+04 -7.67493236e+04]
 [-9.39185496e+03 -7.46969401e+04]
 [-1.18505139e+05 -9.12268528e+04]
 [-1.04786870e+05 -8.91919119e+04]
 [-1.18072576e+05 -8.32603840e+04]
 [-7.76591353e+04 -7.81865113e+04]
 [-6.89961882e+04 -8.33559024e+04]
 [-1.04737688e+05 -9.16840962e+04]
 [-1.17563381e+05 -8.39920432e+04]
 [ 8.40068663e+04  9.65399590e+04]
 [-4.45088329e+04  1.50397531e+05]
 [-6.40708790e+04  1.20186939e+05]
 [-6.06984209e+04  1.25769256e+05]
 [-1.58761532e+04  1.75182870e+05]
 [-5.78595113e+04  9.56969459e+04]
 [-4.60244833e+04  1.29524641e+05]
 [-8.71623284e+04  9.37267052e+04]
 [-6.17038733e+04  1.14087430e+05]
 [-5.81741693e+04  1.32711862e+05]
 [ 2.05509971e+04  1.96612164e+05]
 [-1.58694774e+04  1.64744194e+05]
 [ 1.96095074e+04  1.90055492e+05]
 [ 3.46735444e+04  2.20322244e+05]
 [ 2.64998546e+04  2.09720103e+05]
 [-2.05521771e+04  1.64821202e+05]
 [-2.35829180e+04  1.65421646e+05]
 [-2.24465333e+04  1.29102452e+05]
 [-7.95003967e+03  1.63768359e+05]
 [-7.00836191e+04  1.25705756e+05]
 [-3.01036525e+01  1.54591337e+05]
 [ 1.65141110e+03  1.55336353e+05]
 [-1.06700931e+04  1.66718937e+05]
 [-3.98015528e+03  1.46263195e+05]
 [-1.11492126e+04  1.67352413e+05]
 [ 2.56206420e+03  1.79876988e+05]
 [-4.77581132e+04  1.30699431e+05]
 [-7.77617814e+04  8.13400935e+04]
 [-9.31663498e+04  8.03572881e+04]
 [ 4.75747741e+03  1.49493003e+05]
 [-9.18189672e+04  8.12021051e+04]
 [-5.98713857e+04  1.08024543e+05]
 [-1.41284723e+04  1.70764006e+05]
 [-4.13117998e+04  1.27920278e+05]
 [-5.71181634e+04  1.33416029e+05]
 [-3.88356896e+04  1.34245310e+05]
 [-8.33623133e+04  9.49977850e+04]
 [-6.10443404e+04  1.06415050e+05]
 [-5.15423235e+04  1.20177277e+05]
 [-5.98621604e+04  1.17050047e+05]
 [-4.45882475e+04  1.49332895e+05]
 [-8.63048017e+04  7.99968261e+04]
 [-2.19642832e+04  1.53164708e+05]
 [-3.00004127e+04  1.58744521e+05]
 [-2.83560495e+04  1.63610261e+05]
 [ 2.37017433e+03  1.97882387e+05]
 [ 3.84489346e+04  2.23395952e+05]
 [ 1.22363433e+04  1.92469271e+05]
 [-2.55891637e+04  1.35405018e+05]
 [-7.30284504e+04  1.13472188e+05]]