INFORME SOBRE EL PCA.
-------------------------
Ingrese la cantidad de componentes principales (1-234): 7
Eigenvalores
[0.42847562 0.13562242 0.04251708 0.02793744 0.0164541  0.00685068
 0.00358065]
Eigenvectores
[[-0.0236064   0.03012332  0.0128543  ... -0.03271284  0.09871732
  -0.11711057]
 [-0.02368865  0.03066609  0.01243798 ... -0.03334321  0.09884468
  -0.11828088]
 [-0.02377711  0.0307624   0.01219318 ... -0.03398775  0.09892119
  -0.12021732]
 ...
 [ 0.02069466 -0.0264096  -0.05216365 ...  0.05178989 -0.03915288
  -0.0226178 ]
 [ 0.01990833 -0.02806922 -0.05322293 ...  0.05238035 -0.03617433
  -0.02338497]
 [ 0.01934027 -0.02947646 -0.05425945 ...  0.05332718 -0.0330183
  -0.02198413]]
Porcentaje de Varianza Explicada por cada componente
[64.77940879 20.50417762  6.42797612  4.22374323  2.48762569  1.03572508
  0.54134348]
Componente Principal para eje X = 1
Componente Principal para eje Y = 2
Componente Principal para eje Z = 3
Porcentajes de Varianza X = 64.77940879007961
Porcentajes de Varianza Y = 20.50417761584372
Porcentajes de Varianza Z = 6.4279761167474625
Eje X 		 Eje Y 		 Eje Z
[0.42555068]	[-0.19425265]	[0.30520772]
[0.85871392]	[-0.39592518]	[-0.25333967]
[0.34269329]	[-0.25893147]	[0.16366082]
[0.55651518]	[-0.3675436]	[-0.17612564]
[0.27949584]	[-0.19214565]	[0.29862385]
[0.62660048]	[-0.26665504]	[0.06012919]
[0.36392687]	[-0.13597491]	[0.40703115]
[0.7410167]	[-0.24368139]	[0.01356008]
[0.46053244]	[-0.16832643]	[0.33918609]
[0.96361665]	[-0.2170449]	[0.02760699]
[0.37640749]	[-0.13369354]	[0.34986179]
[0.96361665]	[-0.2170449]	[0.02760699]
[0.46053244]	[-0.16832643]	[0.33918609]
[0.7410167]	[-0.24368139]	[0.01356008]
[0.36392687]	[-0.13597491]	[0.40703115]
[0.62660048]	[-0.26665504]	[0.06012919]
[0.38818725]	[-0.20831448]	[0.24193402]
[0.47992153]	[-0.22684789]	[0.31452451]
[0.63617313]	[-0.36821965]	[-0.0484569]
[0.60922273]	[-0.24685517]	[0.22523734]
[0.28013443]	[-0.12404323]	[0.46956936]
[0.40838305]	[-0.15688264]	[0.38995242]
[0.37051276]	[-0.12048638]	[0.39911548]
[0.4360686]	[-0.11570287]	[0.38786523]
[0.28013443]	[-0.12404323]	[0.46956936]
[0.60922273]	[-0.24685517]	[0.22523734]
[0.34341224]	[-0.15170102]	[0.42465847]
[0.66209304]	[-0.27557945]	[0.05612612]
[0.65475442]	[-0.25642802]	[0.16132093]
[0.75875428]	[-0.24420829]	[0.08660923]
[0.59518466]	[-0.18777292]	[0.20259744]
[1.02127805]	[-0.26819521]	[-0.08941167]
[1.23197849]	[-0.28359296]	[-0.22889202]
[0.57881976]	[-0.14383986]	[0.19148491]
[0.82375513]	[-0.19225924]	[0.11764311]
[0.01713769]	[-0.07595518]	[0.26022736]
[-0.08266204]	[-0.04830019]	[0.28746489]
[0.26087871]	[-0.0755547]	[0.22196543]
[0.7007922]	[-0.15932155]	[0.17189989]
[0.11236854]	[-0.09601359]	[0.42861319]
[0.40201756]	[-0.17260537]	[0.25384796]
[1.03582223]	[-0.26598115]	[-0.13381509]
[0.69551969]	[-0.1950401]	[0.1710664]
[0.60119291]	[-0.18696316]	[0.25667857]
[0.32402825]	[-0.14775743]	[0.372399]
[0.69033902]	[-0.14430938]	[0.12338706]
[0.81205786]	[-0.10409062]	[0.03594247]
[1.30352207]	[-0.16523721]	[-0.2298905]
[0.8945436]	[-0.17317187]	[-0.01836048]
[1.01890844]	[-0.32369911]	[-0.30710577]
[0.93014188]	[-0.35480696]	[-0.30766552]
[0.49598947]	[-0.15943291]	[0.11929609]
[1.26336651]	[-0.26443591]	[-0.23856638]
[1.0358845]	[-0.29790635]	[-0.35301954]
[0.18022359]	[-0.13694042]	[0.32864841]
[0.33003532]	[-0.11700929]	[0.26787981]
[0.56534154]	[-0.1014808]	[0.26009285]
[0.788276]	[-0.19802206]	[0.08968568]
[0.86076795]	[-0.16618707]	[-0.02414078]
[0.88586197]	[-0.29383204]	[-0.32399496]
[1.11137066]	[-0.33587658]	[-0.30025714]
[0.61710613]	[-0.17602549]	[0.19294799]
[0.38097142]	[-0.18124117]	[0.06858692]
[0.06688216]	[-0.11561561]	[0.35284375]
[0.7451461]	[-0.16643077]	[-0.00293005]
[0.30352411]	[-0.1354694]	[0.4491433]
[0.21857321]	[-0.08524231]	[0.48104486]
[0.19406943]	[-0.11297237]	[0.4664668]
[0.23863188]	[-0.11160038]	[0.48690459]
[0.52912032]	[-0.14880301]	[0.38331689]
[0.8265797]	[-0.21553742]	[0.28197686]
[0.4698414]	[-0.21365017]	[0.41028517]
[0.17936203]	[-0.14376966]	[0.52615921]
[0.14587931]	[-0.16085408]	[0.51884728]
[0.16995757]	[-0.12075992]	[0.44686768]
[0.18990344]	[-0.11795704]	[0.5592691]
[0.22968166]	[-0.11493144]	[0.54855902]
[0.21972955]	[-0.12247486]	[0.68135841]
[0.40829446]	[-0.18159597]	[0.43989828]
[0.61896003]	[-0.24246758]	[0.25815851]
[0.1688911]	[-0.09542671]	[0.53805796]
[0.13838334]	[-0.039993]	[0.52806463]
[0.12359035]	[-0.04138248]	[0.50266582]
[0.13954666]	[-0.07121357]	[0.4871769]
[0.25487419]	[-0.13168755]	[0.47840691]
[0.13618502]	[-0.13395252]	[0.50981817]
[-0.02864793]	[-0.13146201]	[0.51314214]
[0.1082429]	[-0.1000495]	[0.44992107]
[0.13945694]	[-0.17189036]	[0.4930377]
[0.1155906]	[-0.19098017]	[0.37348594]
[0.3818587]	[-0.16686778]	[0.21773153]
[0.34600259]	[-0.161678]	[0.21082798]
[0.57163151]	[-0.17707935]	[0.0168869]
[0.80375538]	[-0.23213361]	[-0.08383739]
[0.88189675]	[-0.23894688]	[0.02686911]
[0.55606022]	[-0.15571853]	[0.25566463]
[0.13637103]	[-0.12603149]	[0.51558765]
[0.13383918]	[-0.08442406]	[0.43830107]
[0.19313267]	[-0.11865381]	[0.3700091]
[0.26237155]	[-0.11828156]	[0.4318294]
[0.63127916]	[-0.25060525]	[0.17091528]
[0.73047084]	[-0.27866565]	[0.01180181]
[0.7741245]	[-0.25535405]	[0.00691636]
[0.51977902]	[-0.14254337]	[0.13099373]
[0.52868404]	[-0.12603741]	[0.19077842]
[0.46499403]	[-0.12028426]	[0.26865271]
[0.868029]	[-0.17711953]	[0.14002601]
[0.72791034]	[-0.09299189]	[0.23480395]
[0.50154724]	[-0.08666426]	[0.2900226]
[0.50317542]	[-0.14624986]	[0.23424804]
[0.8228963]	[-0.20260143]	[0.02223479]
[1.19481423]	[-0.26733011]	[-0.2279726]
[1.12655431]	[-0.46223051]	[-0.50949391]
[0.69286924]	[-0.2931619]	[-0.00963013]
[0.09305692]	[-0.16605652]	[0.45198853]
[0.01669845]	[-0.13593366]	[0.54170932]
[0.0215695]	[-0.11292756]	[0.53483719]
[0.32269425]	[-0.10397892]	[0.40427532]
[0.89656351]	[-0.23965252]	[0.12093053]
[0.70292673]	[-0.2263911]	[0.12407217]
[0.26680861]	[-0.09624952]	[0.43338004]
[0.35322701]	[-0.10640955]	[0.37448234]
[0.36982089]	[-0.14752848]	[0.33970305]
[0.22710863]	[-0.13642548]	[0.36741171]
[0.30838058]	[-0.16055102]	[0.29942708]
[0.40212971]	[-0.18334027]	[0.195589]
[1.07943321]	[-0.22297131]	[-0.08100646]
[1.59467834]	[-0.28889016]	[-0.42520767]
[1.2110043]	[-0.28158066]	[-0.37959446]
[0.60415646]	[-0.16536665]	[-0.00445432]
[0.83792277]	[-0.17193111]	[0.02408024]
[0.66426767]	[-0.1546126]	[0.09953052]
[0.54743838]	[-0.26326034]	[-0.0321246]
[0.77048523]	[-0.25778918]	[-0.06296265]
[0.7451599]	[-0.41628392]	[-0.3628827]
[0.94263708]	[-0.39297109]	[-0.37129565]
[1.19547591]	[-0.32412852]	[-0.3794687]
[1.36501502]	[-0.30505767]	[-0.37962839]
[1.22278342]	[-0.3504133]	[-0.39241304]
[0.88953042]	[-0.24957755]	[-0.14387077]
[0.73175947]	[-0.2256134]	[-0.04341271]
[1.36386307]	[-0.3825008]	[-0.39774315]
[0.9764358]	[-0.3190348]	[-0.21476605]
[0.3495851]	[-0.1311522]	[0.2533251]
[0.41405957]	[-0.11920326]	[0.37032822]
[0.55460785]	[-0.19088388]	[0.14459461]
[0.5466859]	[-0.30320929]	[0.06013342]
[0.32291109]	[-0.26580644]	[0.20148463]
[0.20049304]	[-0.17964756]	[0.53607225]
[0.38751145]	[-0.16846323]	[0.36566638]
[0.40781422]	[-0.20886039]	[0.39279164]
[0.29789421]	[-0.23217858]	[0.32443437]
[0.3800937]	[-0.22141141]	[0.28690854]
[1.00567701]	[-0.32637883]	[-0.10329626]
[1.05587706]	[-0.2144378]	[0.08408357]
[0.8663493]	[-0.27445028]	[-0.18721637]
[1.08204774]	[-0.37922438]	[-0.43928163]
[1.07971906]	[-0.30010337]	[-0.25022492]
[0.48358148]	[-0.15767397]	[0.17910288]
[0.40436971]	[-0.09956066]	[0.26094082]
[0.60108361]	[-0.14398212]	[0.13395161]
[0.98534724]	[-0.17778986]	[-0.03569291]
[0.81636078]	[-0.16309037]	[0.01867315]
[0.71811638]	[-0.23257391]	[-0.06513376]
[1.16759867]	[-0.33413018]	[-0.36220921]
[0.68755928]	[-0.18007044]	[0.08180462]
[0.99557717]	[-0.21581866]	[-0.09402172]
[0.92964527]	[-0.21888031]	[-0.1208697]
[0.94346642]	[-0.20840959]	[-0.02525568]
[1.10583026]	[-0.2035675]	[-0.11401346]
[1.19776913]	[-0.25498209]	[-0.19047063]
[1.28663743]	[-0.2663181]	[-0.09772944]
[1.19234303]	[-0.23287382]	[-0.11603017]
[0.87160994]	[-0.2716759]	[-0.16806005]
[1.07835421]	[-0.40555922]	[-0.37318586]
[1.25728384]	[-0.34396408]	[-0.38342951]
[1.53987743]	[-0.35324221]	[-0.44222167]
[1.69041825]	[-0.37474547]	[-0.35521597]
[0.97185445]	[-0.27630654]	[0.06618578]
[0.37917957]	[-0.17914737]	[0.42126796]
[0.3596888]	[-0.2626815]	[0.24230608]
[1.15691729]	[-0.35359035]	[-0.05517271]
[1.31390614]	[-0.3546161]	[-0.1485809]
[0.86575124]	[-0.36196713]	[-0.1193306]
[0.27723995]	[-0.15959744]	[0.41792631]
[0.49989175]	[-0.25493088]	[0.20893194]
[1.25361614]	[-0.41419017]	[-0.36472261]
[0.99100225]	[-0.24167103]	[-0.10334143]
[0.501863]	[-0.23212333]	[0.00787407]
[0.67341092]	[-0.38885839]	[-0.30933556]
[1.30756528]	[-0.31730634]	[-0.43617845]
[1.59742908]	[-0.28288514]	[-0.36976265]
[1.46972498]	[-0.30066718]	[-0.25894901]
[0.702038]	[-0.18149455]	[0.02969049]
[1.38237434]	[-0.26801856]	[-0.20267189]
[-0.67444473]	[-0.30789149]	[-0.05231574]
[-0.90450826]	[-0.33402062]	[-0.00644948]
[-0.96966744]	[-0.31047412]	[-0.0036862]
[-1.05307736]	[-0.32701022]	[-0.05179629]
[-0.78978467]	[-0.26274154]	[-0.05058006]
[-0.94363221]	[-0.27866363]	[-0.01047098]
[-0.60410251]	[-0.24020069]	[-0.02566206]
[-0.69247791]	[-0.23050048]	[-0.03343874]
[-0.94609964]	[-0.26535962]	[-0.03200715]
[-0.93240533]	[-0.33045713]	[-0.0266718]
[-0.82293762]	[-0.32227159]	[-0.04453456]
[-0.95953999]	[-0.38915251]	[-0.04614016]
[-1.16872979]	[-0.43864171]	[-0.15933017]
[-0.74965179]	[-0.38617526]	[-0.11755879]
[-0.92678657]	[-0.36351457]	[-0.090472]
[-0.98221455]	[-0.25163918]	[-0.05777854]
[-1.02305487]	[-0.33945873]	[-0.07901974]
[-0.92913665]	[-0.30212238]	[-0.13437598]
[-0.54068454]	[-0.33773226]	[-0.15686401]
[0.04221752]	[-0.31144229]	[-0.27879534]
[-0.42211724]	[-0.34120104]	[-0.22948157]
[-0.63764394]	[-0.31374159]	[-0.13692743]
[-1.07280856]	[-0.35828403]	[-0.12892955]
[-0.97739214]	[-0.397919]	[-0.20009227]
[-1.19873635]	[-0.44430463]	[-0.18889447]
[-1.02846161]	[-0.31840487]	[-0.1108624]
[-0.73083005]	[-0.32110027]	[-0.13024149]
[0.12572242]	[-0.30024259]	[-0.29356126]
[-0.18420891]	[-0.27741282]	[-0.16455685]
[-0.3373568]	[-0.27231465]	[-0.13536268]
[-0.65288194]	[-0.31056488]	[-0.17247125]
[-0.92109976]	[-0.24183105]	[-0.05728406]
[-0.80399213]	[-0.24743126]	[-0.01235014]
[-0.84109588]	[-0.29274533]	[-0.06945911]
[-0.63478102]	[-0.29438028]	[-0.16277432]
[-0.37038821]	[-0.28744459]	[-0.21011601]
[-0.84953237]	[-0.31403845]	[-0.09643118]
[-0.8405612]	[-0.32506723]	[-0.09124131]
[-1.03013687]	[-0.37445338]	[-0.08803062]
[-0.94418682]	[-0.3525154]	[-0.04605198]
[-0.6585177]	[-0.29682351]	[-0.04280122]
[-0.97749212]	[-0.34522477]	[0.01225936]
[-1.05579954]	[-0.41741135]	[-0.06653437]
[-1.15757283]	[-0.44429091]	[-0.07743219]
[-1.11144979]	[-0.38838366]	[-0.10513434]
[-1.14175706]	[-0.37947579]	[-0.02569453]
[-0.86871271]	[-0.31908095]	[0.09563278]
[-1.03725883]	[-0.34948903]	[0.06894776]
[-0.91091274]	[-0.34168525]	[0.03310424]
[-0.84634884]	[-0.33852063]	[-0.04703794]
[-0.70430632]	[-0.1038302]	[-0.08254304]
[-0.94673299]	[-0.15474461]	[-0.08299839]
[-0.89179753]	[-0.2208853]	[0.00011159]
[-0.47052954]	[-0.27130242]	[-0.02526346]
[-0.46837586]	[-0.34183788]	[-0.10480899]
[-0.87111206]	[-0.35319769]	[0.00366347]
[-0.57124758]	[-0.30356616]	[0.03117646]
[-0.7050894]	[-0.2580448]	[0.05129013]
[-0.63536481]	[-0.18160147]	[-0.04051564]
[-0.69767668]	[-0.30894933]	[0.00691583]
[-0.63985762]	[-0.13887007]	[-0.09602309]
[-0.72016864]	[-0.15203828]	[-0.06582835]
[-0.95314225]	[-0.28768965]	[0.02776364]
[-0.90673351]	[-0.36163068]	[0.05127803]
[-0.88069935]	[-0.32958535]	[0.08591295]
[-0.71786171]	[-0.2842739]	[-0.04857641]
[-0.8592691]	[-0.34616739]	[-0.06485052]
[-0.85976621]	[-0.31249688]	[-0.08067837]
[-0.60187898]	[-0.21176572]	[0.06445738]
[-0.79674669]	[-0.28121998]	[0.04496464]
[-0.95346096]	[-0.33575202]	[0.01782761]
[-0.82902397]	[-0.27018786]	[0.05639931]
[-1.05024182]	[-0.38531439]	[-0.00700941]
[-0.85321391]	[-0.32444736]	[-0.00067335]
[-1.13824904]	[-0.42779787]	[-0.00179475]
[-0.69512912]	[-0.2393427]	[0.07814629]
[-0.49360968]	[-0.28933015]	[-0.02406123]
[-0.65141744]	[-0.35606471]	[-0.0805214]
[-0.94751522]	[-0.35410537]	[0.00483734]
[-1.04360098]	[-0.34148917]	[0.02987263]
[-0.76034005]	[-0.30684098]	[-0.03846173]
[-0.79646562]	[-0.25167516]	[-0.09686609]
[-1.04399406]	[-0.39252929]	[-0.03962427]
[-1.02563952]	[-0.40184692]	[-0.0511227]
[-1.00804727]	[-0.42468271]	[-0.10246731]
[-0.82307431]	[-0.36251497]	[-0.02784482]
[-0.60856065]	[-0.26671954]	[0.04098512]
[-0.77461749]	[-0.34620308]	[0.04385345]
[-0.82699759]	[-0.34528006]	[-0.02053127]
[0.20453159]	[-0.29499864]	[-0.13242094]
[0.41222935]	[-0.33314029]	[-0.27510088]
[-0.7461034]	[-0.38691094]	[-0.08726838]
[-1.12210677]	[-0.4414477]	[-0.07290624]
[-0.78968169]	[-0.29360265]	[-0.06135672]
[-0.43548114]	[-0.33981346]	[-0.12592745]
[-0.80233523]	[-0.32752778]	[-0.06470074]
[-0.61123196]	[-0.33011047]	[-0.0763137]
[-0.57022587]	[-0.3130731]	[-0.02192669]
[-0.94751522]	[-0.35410537]	[0.00483734]
[-1.04360098]	[-0.34148917]	[0.02987263]
[-0.85634675]	[-0.34230484]	[-0.02041748]
[-0.65141744]	[-0.35606471]	[-0.0805214]
[-0.67850799]	[-0.35750166]	[-0.03487887]
[-0.64218864]	[-0.4019718]	[-0.09150941]
[-0.83529108]	[-0.36209729]	[-0.05544539]
[-0.25636707]	[-0.42873744]	[-0.24965809]
[-0.85223422]	[-0.38650387]	[-0.13444276]
[-0.6921737]	[-0.34859016]	[-0.0670612]
[-0.8075887]	[-0.34059104]	[-0.03293287]
[-0.93289375]	[-0.33744788]	[0.00630886]
[-0.96004005]	[-0.33488133]	[0.01308307]
[-1.03433215]	[-0.34883491]	[-0.06041998]
[-0.66891144]	[-0.36430956]	[-0.12869147]
[-0.6435022]	[-0.3608782]	[-0.07873229]
[-0.60966455]	[-0.38465095]	[-0.14646523]
[-0.50162217]	[-0.39259444]	[-0.17623536]
[-0.6940942]	[-0.278012]	[-0.02900903]
[-0.45726704]	[-0.34827748]	[-0.17596669]
[-0.9401002]	[-0.32791138]	[-0.14938983]
[-1.26119955]	[-0.44095429]	[-0.13432751]
[-1.11083241]	[-0.45004872]	[-0.13880809]
[-0.68314006]	[-0.34627344]	[-0.19880277]
[-0.79094245]	[-0.28993586]	[-0.11678907]
[-0.5038679]	[-0.34385079]	[-0.16165024]
[-0.65888409]	[-0.31473248]	[-0.08267606]
[-0.92590136]	[-0.34599555]	[-0.05018934]
[-0.27910103]	[-0.26180744]	[-0.07229682]
[-0.32089851]	[-0.22979507]	[-0.00783643]
[-0.68300406]	[-0.26080681]	[-0.01630677]
[-0.49581984]	[-0.22251332]	[0.0257471]
[-0.32729725]	[-0.27047365]	[-0.06756361]
[-0.63803482]	[-0.23647267]	[0.06870192]
[-0.64052707]	[-0.11543111]	[0.01868584]
[-0.57796126]	[-0.24902373]	[-0.02293751]
[-0.84117967]	[-0.37573864]	[-0.15483262]
[-0.50212957]	[-0.38264783]	[-0.19043439]
[-1.01408441]	[-0.37511614]	[-0.05863206]
[-0.78445268]	[-0.2838651]	[0.00355726]
[-0.95364997]	[-0.31832319]	[-0.03612053]
[-1.17256038]	[-0.43394187]	[-0.09515841]
[-1.07587126]	[-0.3969004]	[-0.00945461]
[-0.84762221]	[-0.28053991]	[0.0180021]
[-0.85321298]	[-0.33021455]	[0.06987969]
[-0.60858836]	[-0.36780895]	[-0.06514635]
[-0.79442931]	[-0.30050687]	[0.07509929]
[-0.53726798]	[-0.2823699]	[0.02640214]
[-0.26134382]	[-0.27651908]	[-0.20862566]
[-1.14296206]	[-0.45253091]	[-0.05594552]
[-0.90869728]	[-0.30772223]	[-0.06303679]
[-0.5095619]	[-0.36555933]	[-0.10047402]
[-0.82170103]	[-0.267852]	[-0.00890391]
[-0.90310746]	[-0.311921]	[-0.03599328]
[-0.57975102]	[-0.33176727]	[-0.13789225]
[-0.94764407]	[-0.36175689]	[-0.09656697]
[-0.8836789]	[-0.35338785]	[-0.07006066]
[-0.65846007]	[-0.26962252]	[-0.06807978]
[-1.04560694]	[-0.31150972]	[-0.07135234]
[-1.31059083]	[-0.35179211]	[-0.19423954]
[-1.04982735]	[-0.29289695]	[-0.10218031]
[-1.33053665]	[-0.41651794]	[-0.24669793]
[-0.80599155]	[-0.35819153]	[-0.14249346]
[-0.43229813]	[-0.40765626]	[-0.22638509]
[-1.12049145]	[-0.52954908]	[-0.27564816]
[-1.35468648]	[-0.52921502]	[-0.25531685]
[-0.8809608]	[-0.40203949]	[-0.25076579]
[-0.77356152]	[-0.31411766]	[-0.25224172]
[-1.19676221]	[-0.26625929]	[-0.16376906]
[-0.53205372]	[-0.19152484]	[-0.21803199]
[-0.99333081]	[-0.45972411]	[-0.23300888]
[-0.54825707]	[-0.34638907]	[-0.26701447]
[-0.14375081]	[-0.4230123]	[-0.2927099]
[-0.47873731]	[-0.25022025]	[0.0009715]
[-0.69064905]	[-0.35636857]	[-0.13105912]
[-0.64169648]	[-0.29176845]	[-0.08046708]
[-0.33500573]	[-0.49257594]	[-0.38310353]
[-0.8291961]	[-0.43114113]	[-0.23931411]
[-0.84552183]	[-0.30713221]	[-0.25358671]
[-0.83509668]	[-0.31309752]	[-0.18437536]
[-0.65871239]	[-0.48682301]	[-0.2499281]
[-0.56953953]	[-0.48581839]	[-0.29219803]
[-0.28938114]	[-0.45078943]	[-0.33573862]
[-0.94568501]	[-0.39429807]	[-0.02553203]
[-0.80569519]	[-0.28058757]	[-0.08122129]
[-0.74429148]	[-0.34104338]	[-0.08409945]
[-0.44535923]	[-0.24570255]	[0.10185581]
[-0.38786224]	[-0.20579637]	[-0.07803315]
[-0.67591043]	[-0.24744834]	[-0.03074112]
[-0.37441304]	[-0.32364573]	[-0.19557941]
[-0.89715426]	[-0.39395652]	[-0.11040946]
[-0.89715426]	[-0.39395652]	[-0.11040946]
[-0.63674289]	[-0.33238394]	[-0.12833342]
[-0.37828685]	[-0.2259918]	[-0.0615863]
[0.01209864]	[-0.15330043]	[-0.20288325]
[-0.54493797]	[-0.32812717]	[-0.14412705]
[-0.64178518]	[-0.27352593]	[-0.07578627]
[-0.57003964]	[-0.22210258]	[0.08972435]
[-0.77336036]	[-0.33230161]	[-0.08641539]
[-0.75790419]	[-0.2567447]	[-0.04213942]
[-0.75790419]	[-0.2567447]	[-0.04213942]
[-0.67591043]	[-0.24744834]	[-0.03074112]
[-0.37441304]	[-0.32364573]	[-0.19557941]
[-0.63674289]	[-0.33238394]	[-0.12833342]
[-0.07402459]	[-0.34169543]	[-0.2179854]
[-0.55130547]	[-0.21008588]	[-0.01503799]
[-0.48693474]	[-0.28625739]	[-0.16482693]
[-0.05602812]	[-0.31802577]	[-0.15403236]
[-0.72702708]	[-0.30628509]	[-0.12343509]
[-1.02468101]	[-0.26402248]	[-0.09135824]
[-0.28394434]	[-0.16548796]	[0.21317207]
[-0.14881029]	[-0.32781098]	[-0.15305804]
[-0.22029306]	[-0.26090272]	[-0.01977478]
[-0.05602812]	[-0.31802577]	[-0.15403236]
[-0.39217928]	[0.6910946]	[0.18791017]
[-0.18163064]	[0.40417148]	[0.17412269]
[0.17744502]	[0.1046455]	[0.04206922]
[0.06546462]	[0.18517899]	[0.10805691]
[-0.24807128]	[0.22578617]	[0.16255855]
[0.51525767]	[0.06625853]	[-0.08071655]
[-0.31070266]	[0.21407302]	[0.04365424]
[-0.52168576]	[0.36145602]	[0.05455265]
[-0.19032038]	[0.41946614]	[0.05784739]
[-0.58557444]	[0.91457683]	[0.16599692]
[-0.35831081]	[0.71393974]	[-0.05746965]
[0.40436015]	[0.34396434]	[-0.13080854]
[0.7815203]	[0.31464799]	[-0.31157602]
[0.16225205]	[0.86604126]	[-0.13440981]
[-0.17363842]	[0.51831425]	[0.12149433]
[-0.48849137]	[0.44386649]	[0.08093471]
[0.01607036]	[0.29466372]	[-0.15164633]
[-0.26572735]	[0.361321]	[0.11611895]
[-0.21188337]	[0.50778769]	[0.09432037]
[-0.02014274]	[0.59466645]	[-0.00454229]
[-0.07168629]	[0.1967877]	[-0.06354412]
[-0.13971689]	[0.30367222]	[0.09332909]
[-0.1541581]	[0.6103094]	[0.12367046]
[0.30997032]	[0.35333303]	[-0.04562478]
[0.06847154]	[0.25082596]	[-0.03122266]
[-0.20354729]	[0.41083454]	[0.13288759]
[-0.39951694]	[0.34077176]	[0.19139621]
[0.13301393]	[0.41062007]	[0.03313865]
[0.30173533]	[0.36660696]	[-0.02559295]
[0.19562992]	[0.67846541]	[-0.05283153]
[0.56301749]	[0.28099339]	[-0.08646236]
[0.00103271]	[0.62170534]	[0.00822003]
[-0.43318865]	[0.40160501]	[0.05892598]
[-0.71052727]	[0.27973054]	[0.1035553]
[-0.37716718]	[0.27639977]	[0.06997231]
[-0.24174199]	[0.27788276]	[0.12113521]
[0.42729351]	[0.19131408]	[-0.0610361]
[0.60257788]	[0.26908724]	[-0.16842077]
[0.18894638]	[0.30045646]	[-0.07991926]
[0.02142581]	[0.21266294]	[-0.02136558]
[-0.0076212]	[0.24211488]	[-0.10566844]
[-0.32914257]	[0.27036778]	[0.11611667]
[-0.29174583]	[0.37018049]	[0.14379026]
[0.06567454]	[0.27371302]	[-0.01220131]
[-0.1308694]	[0.44787236]	[0.00307562]
[-0.31797004]	[0.442574]	[-0.06848229]
[-0.08511264]	[0.51635752]	[-0.18943397]
[0.0874856]	[0.20332233]	[-0.42557166]
[-0.27840894]	[0.33366251]	[-0.25733176]
[-0.51079355]	[0.53118093]	[0.00723666]
[0.02433496]	[0.23933212]	[-0.00803058]
[-0.24416546]	[0.58570437]	[-0.04377372]
[0.53812667]	[0.25222081]	[-0.29265811]
[0.27579534]	[0.18954334]	[-0.05714835]
[0.30878601]	[0.20709878]	[-0.03552317]
[0.25226725]	[0.50829405]	[-0.0894661]
[-0.28184557]	[0.86098522]	[-0.10939654]
[-0.22662359]	[0.71436651]	[-0.24635768]
[0.19436942]	[0.41760698]	[-0.31325185]
[0.32016983]	[0.47520506]	[-0.18397613]
[0.21063595]	[0.48659062]	[-0.040463]
[0.26303139]	[0.68533428]	[-0.35309636]
[0.05396266]	[1.10918811]	[-0.55650296]
[-0.12780454]	[1.07032334]	[-0.66884253]
[-0.55269315]	[1.04574012]	[-0.57108234]
[0.00776641]	[1.01237337]	[-0.3623952]
[0.04845951]	[0.89074448]	[-0.27296165]
[-0.02733754]	[0.70285968]	[-0.18979805]
[0.7653188]	[0.26592815]	[-0.23951106]
[0.34023357]	[0.36067697]	[-0.08266385]
[-0.15478634]	[0.82856149]	[-0.17569123]
[-0.21731862]	[0.54054788]	[-0.03309301]
[-0.02100533]	[0.47477515]	[-0.0827027]
[0.22902165]	[0.24455482]	[-0.28602141]
[-0.23437324]	[1.10192289]	[-0.35017237]
[-0.36690967]	[0.94390616]	[-0.12213552]
[-0.15678027]	[0.66203135]	[0.05459709]
[-0.50168152]	[0.51429726]	[0.23316783]
[-0.55485386]	[0.46042466]	[0.19431908]
[-0.51627558]	[0.6086088]	[0.12408917]
[-0.5532418]	[0.94039951]	[-0.27464448]
[-0.43053039]	[0.60576572]	[-0.16782274]
[0.20264342]	[0.88256168]	[-0.19656725]
[-0.00127516]	[0.7120508]	[0.0282974]
[-0.20902854]	[0.50171302]	[-0.06611805]
[-0.14530438]	[0.55154296]	[0.0372143]
[-0.3512006]	[0.51097657]	[0.13108879]
[-0.0499321]	[0.508423]	[0.05197205]
[-0.10432654]	[0.6784277]	[0.0675764]
[-0.09402178]	[0.81074258]	[-0.06883253]
[-0.58995778]	[0.69308643]	[0.15270641]
[-0.56623406]	[0.60403077]	[0.09827829]
[-0.29848739]	[0.48419735]	[-0.0136333]
[-0.18825711]	[0.56422261]	[-0.14800838]
[0.21268011]	[0.59137769]	[-0.48445667]
[-0.21992009]	[0.78639127]	[-0.15516724]
[-0.15206028]	[0.50186739]	[0.0793458]
[-0.52260332]	[0.6232362]	[-0.0180466]
[-0.26013211]	[0.37837436]	[-0.29776453]
[-0.20828343]	[0.81885268]	[-0.23555529]
[-0.22485047]	[0.37355852]	[-0.05305954]
[-0.58494272]	[0.49574037]	[0.06235374]
[-0.50687325]	[0.5018831]	[-0.0317144]
[-0.47457094]	[0.74394999]	[0.13776043]
[-0.12314975]	[0.75291249]	[-0.27478843]
[0.081202]	[0.83832872]	[-0.14034472]
[-0.07612398]	[0.62700641]	[0.07650608]
[0.11216189]	[0.56141113]	[-0.04522807]
[0.19651457]	[0.52699495]	[-0.00697462]
[-0.05403888]	[0.56570648]	[0.10872697]
[-0.09135507]	[0.66997971]	[0.07811537]
[0.24481342]	[0.39168803]	[-0.06746821]
[0.28043198]	[0.45831582]	[-0.18850813]
[0.23527103]	[0.6809193]	[-0.13830796]
[0.1800292]	[0.29110569]	[0.11552547]
[-0.12183634]	[0.50128924]	[-0.06837485]
[0.20362718]	[0.62556855]	[-0.29179989]
[0.02988847]	[0.95290877]	[-0.11981068]
[0.29474928]	[0.60703972]	[-0.12402543]
[0.70794306]	[0.34127134]	[-0.25777938]
[-0.0329758]	[0.74000605]	[0.04656461]
[-0.12812751]	[0.62188777]	[0.04726152]
[0.12887102]	[0.22584704]	[-0.06317957]
[0.16292833]	[0.22249273]	[-0.08450695]
[-0.37105422]	[0.48338316]	[0.02690886]
[-0.43950991]	[0.6634116]	[0.04624839]
[-0.2915571]	[0.76543626]	[-0.16341156]
[-0.27310818]	[0.65045517]	[-0.16544658]
[-0.5387417]	[0.84731336]	[-0.01096813]
[-0.68632474]	[0.63705566]	[0.07963741]
[-0.39552662]	[0.45126771]	[-0.12711664]
[-0.31683244]	[0.4170025]	[-0.11013999]
[-0.22835325]	[0.35439285]	[-0.18283163]
[-0.14646776]	[0.53827109]	[-0.05533764]
[-0.35827263]	[0.41420343]	[-0.05044436]
[-0.0718265]	[0.55208476]	[-0.12266468]
[-0.43006461]	[0.49383226]	[0.08489451]
[-0.46848224]	[0.54387387]	[0.05724798]
[-0.50131331]	[0.47025119]	[-0.06732846]
[-0.48703678]	[0.85639532]	[0.01037172]
[-0.41485243]	[0.68050001]	[0.06799289]
[-0.41091672]	[0.50298503]	[0.09348615]
[-0.20001577]	[0.47801751]	[-0.0960696]
[0.0268786]	[0.23733042]	[-0.25102143]
[0.09131527]	[0.37983705]	[-0.12902985]
[0.12652714]	[0.71889316]	[-0.08664705]
[0.10660803]	[0.64726797]	[-0.03740367]
[-0.00884589]	[0.53578115]	[-0.00053434]
[-0.17172337]	[0.70524528]	[-0.00380983]
[0.27689561]	[0.53859447]	[-0.33201218]
[0.03411274]	[0.48296374]	[-0.09519609]
[-0.30979358]	[1.00920409]	[-0.30992551]
[0.15363767]	[0.52396722]	[-0.23990486]
[0.23639615]	[0.5500078]	[-0.12238973]
[-0.20403183]	[0.49881118]	[0.08952373]
[-0.14927634]	[0.22996691]	[0.19095315]
[0.286484]	[0.26567042]	[0.0752745]
[0.40037196]	[0.37378222]	[-0.09396289]
[0.40037196]	[0.37378222]	[-0.09396289]
[0.12627994]	[0.49723214]	[-0.16070368]
[-0.2049823]	[0.39549438]	[-0.04461164]
[-0.20626984]	[0.32883613]	[-0.0566381]
[-0.00732604]	[0.27407681]	[-0.00407846]
[0.10992654]	[0.30032817]	[-0.22793019]
[0.26410702]	[0.29937343]	[-0.28057865]
[0.07361058]	[0.33908175]	[-0.16326777]
[-0.19492152]	[0.56235746]	[0.05778493]
[-0.349997]	[0.39705024]	[0.05041356]
[-0.07851334]	[0.36825906]	[-0.08248506]
[-0.22035786]	[0.4534083]	[-0.00676797]
[-0.19132478]	[0.65507337]	[-0.00171462]
[-0.35830247]	[0.73941781]	[0.04074256]
[-0.24175341]	[0.3980078]	[0.05229794]
[-0.39984014]	[0.49564288]	[0.0643818]
[0.20366324]	[0.40773065]	[-0.17649262]
[-0.0243328]	[0.42755163]	[0.03650894]
[-0.56965395]	[0.51954098]	[0.19881296]
[-0.55221545]	[0.5107283]	[0.15628414]
[-0.31915017]	[0.50950384]	[0.18076282]
[-0.47130876]	[0.46638861]	[0.18302777]
[-0.69170711]	[0.47072222]	[0.14619377]
[-0.46698063]	[0.48534589]	[0.14944072]
[-0.37217319]	[0.60498918]	[0.13268513]
[-0.26293096]	[0.58961211]	[0.0918371]
[-0.39620332]	[0.41849613]	[0.1690108]
[-0.30197793]	[0.67086692]	[0.07905515]
[-0.30239908]	[0.556576]	[-0.08065628]
[-0.1387091]	[0.75795924]	[0.00049533]
[-0.19896712]	[0.64238653]	[-0.03703228]
[-0.01087674]	[0.76207527]	[-0.3318445]
[-0.3100936]	[0.56735691]	[-0.057994]
[-0.12922844]	[0.20107822]	[-0.17804504]
[0.21538834]	[0.15129955]	[-0.25470661]
[-0.44975883]	[0.58677552]	[0.055186]
[-0.34763912]	[0.81530034]	[-0.06390498]
[0.17269291]	[0.33475089]	[-0.19139216]
[0.0996256]	[0.55117012]	[-0.06085231]
[-0.28949344]	[0.45913479]	[0.06369933]
[-0.38854132]	[0.49064316]	[0.07052435]
[-0.1542256]	[0.37079673]	[-0.03552834]
[-0.39363275]	[0.36019178]	[0.08732331]
[-0.05747894]	[0.25449776]	[-0.14144396]
[-0.22808092]	[0.42156668]	[-0.02765174]
[-0.02324173]	[0.72334282]	[-0.09292441]
[0.13124092]	[0.45974931]	[-0.29695451]
[-0.01139552]	[0.08493235]	[-0.28640754]
[-0.32787507]	[0.5488306]	[0.01352597]
[-0.69662515]	[0.66966891]	[0.13848053]
[-0.48939726]	[0.54048406]	[0.23919492]
[-0.47623055]	[0.42781216]	[0.19593468]
[-0.29109234]	[0.532642]	[0.06722626]
[-0.18644309]	[0.59064274]	[0.06518349]
[-0.32211512]	[0.40920398]	[0.17275666]
[-0.12370145]	[0.50434409]	[0.07994866]
[0.71862613]	[-0.09916755]	[0.24292382]
[0.90197755]	[-0.14899038]	[0.22492144]
[0.54559374]	[-0.12916797]	[0.26105008]
[0.74748934]	[-0.12322349]	[0.22886982]
[0.67921392]	[-0.1326085]	[0.1398362]
[0.80655701]	[-0.1918828]	[0.07154135]
[0.69856019]	[-0.14176052]	[0.23229336]
[0.91677354]	[-0.16015704]	[0.15639912]
[0.96851835]	[-0.1514636]	[0.14360771]
[0.75615262]	[-0.10629441]	[0.19346647]
[0.98635858]	[-0.18352201]	[0.05920581]
[1.14664618]	[-0.21393147]	[-0.45552921]
[0.72191581]	[-0.01417523]	[-0.01329188]
[0.87004589]	[-0.04491305]	[-0.06817094]
[1.31714566]	[-0.14899708]	[-0.25422033]
[0.43190358]	[0.03271716]	[0.13022186]
[0.90622281]	[-0.04600552]	[0.01293487]
[1.24403365]	[-0.09444156]	[-0.10730716]
[0.62278147]	[0.01578169]	[0.06569073]
[0.60324219]	[0.04846866]	[0.06930047]
[0.50417554]	[0.01788245]	[-0.12445921]
[0.81603137]	[-0.02623203]	[-0.19223292]
[0.6567572]	[-0.17995872]	[-0.49204635]
[-0.05651624]	[0.13152837]	[0.12347814]
[1.13781512]	[-0.14385794]	[-0.39727167]
[0.57232588]	[0.00628424]	[-0.03213896]
[0.95452226]	[-0.08769698]	[-0.0178779]
[0.30740615]	[-0.01036875]	[0.10954886]
[1.19489848]	[-0.15618085]	[-0.24336197]
[1.32325845]	[-0.13681398]	[-0.22322086]
[0.82866454]	[0.02574033]	[0.00830421]
[0.31427198]	[0.0728055]	[0.17326099]
[0.11388276]	[0.15307267]	[0.20739577]
[0.46577127]	[0.07890505]	[0.141752]
[0.06980714]	[0.1323546]	[0.20393098]
[-0.089301]	[0.14740931]	[0.22412186]
[-0.14780526]	[0.11156974]	[0.21033464]
[0.07668063]	[0.07065875]	[0.16044178]
[0.50598104]	[0.00807589]	[0.07286467]
[0.52035087]	[0.03674494]	[0.01802133]
[0.30070848]	[0.06450943]	[0.10415428]
[0.34792879]	[0.0289625]	[0.10839926]
[0.92988185]	[-0.08364251]	[-0.19062933]
[0.06295789]	[0.07802994]	[0.20563161]
[0.01089685]	[0.08324236]	[0.27943057]
[0.45370298]	[-0.00828395]	[0.07607151]
[-0.01806638]	[0.0435617]	[0.26914894]
[0.7832465]	[-0.06460688]	[-0.05544735]
[0.4156255]	[0.06534226]	[0.115626]
[0.52035087]	[0.03674494]	[0.01802133]
[0.50598104]	[0.00807589]	[0.07286467]
[0.07668063]	[0.07065875]	[0.16044178]
[-0.14780526]	[0.11156974]	[0.21033464]
[0.43472561]	[-0.03032472]	[-0.1492569]
[0.4106995]	[0.09491398]	[-0.00650549]
[-0.04680192]	[0.12651958]	[0.15112494]
[0.58437978]	[0.01474032]	[-0.07452123]
[-0.01930528]	[0.10682617]	[0.20954217]
[0.16865197]	[0.11135788]	[0.15708159]
[0.54585999]	[0.04850154]	[-0.0536916]
[0.05046944]	[0.11509298]	[0.15555669]
[-0.11863111]	[0.11452152]	[0.26272502]
[-0.07672089]	[0.1200895]	[0.22922267]
[0.42529291]	[0.03350451]	[0.1450975]
[-0.00794838]	[0.09648502]	[0.24377724]
[0.08702048]	[0.10653383]	[0.21396146]
[0.18347462]	[0.12264978]	[0.20541589]
[0.15238448]	[0.10981449]	[0.19365115]
[-0.13216391]	[0.15813779]	[0.20538265]
[0.12854457]	[0.1192914]	[0.04312125]
[-0.09730326]	[0.1221462]	[0.11180183]
[-0.04547079]	[0.13099303]	[0.21488296]
[0.43141361]	[0.10011086]	[0.0592328]
[0.18575415]	[0.16049951]	[0.08735954]
[0.2006918]	[0.10919408]	[0.11795017]
[0.21927564]	[0.0826892]	[0.13493367]
[-0.1347414]	[0.12925157]	[0.18060232]
[-0.15653538]	[0.13883308]	[0.09172326]
[-0.25718418]	[0.16348922]	[0.18540393]
[-0.12743476]	[0.11843779]	[0.2097893]
[0.01643563]	[0.07544371]	[0.21421647]
[0.60960237]	[-0.00358462]	[-0.07055248]
[0.20457064]	[0.01076303]	[-0.10799949]
[0.50797813]	[-0.02817277]	[-0.04272513]
[1.05352287]	[-0.12796015]	[-0.18502784]
[0.59936725]	[-0.06664181]	[-0.0887593]
[0.3016231]	[0.04673042]	[0.16672795]
[0.25182793]	[0.06672254]	[0.19097302]
[0.2837771]	[0.04091902]	[0.17917963]
[0.20456872]	[0.05302816]	[0.20682831]
[1.14994277]	[-0.07858274]	[-0.27436883]
[1.40414881]	[-0.1062138]	[-0.22416437]
[1.10318285]	[-0.05918198]	[0.00825444]
[0.41800655]	[0.03456065]	[0.1438267]
[0.52526606]	[0.00183101]	[0.04932236]
[1.45149276]	[-0.16051941]	[-0.27577074]
[1.52995989]	[-0.16802469]	[-0.32856648]
[0.96294271]	[-0.03204957]	[-0.06991666]
[0.91005572]	[-0.01207821]	[-0.10560674]
[0.88557571]	[-0.16039558]	[-0.36502818]
[1.08737531]	[-0.08548242]	[-0.2831767]
[0.68552359]	[0.00255711]	[0.03676561]
[0.68831487]	[-0.03975794]	[0.00443172]
[1.3714201]	[-0.15018964]	[-0.26479683]
[0.80824709]	[-0.03936385]	[-0.01798986]
[1.32921052]	[-0.18868161]	[-0.24160941]
[0.85185247]	[-0.0829309]	[0.00869668]
[0.28301944]	[-0.00885856]	[0.18631214]
[0.10722908]	[0.04892642]	[0.19973781]
[0.59798331]	[0.00839457]	[0.04219745]
RESULTADO PCA
[[ 0.42555068 -0.19425265  0.30520772]
 [ 0.85871392 -0.39592518 -0.25333967]
 [ 0.34269329 -0.25893147  0.16366082]
 ...
 [ 0.28301944 -0.00885856  0.18631214]
 [ 0.10722908  0.04892642  0.19973781]
 [ 0.59798331  0.00839457  0.04219745]]