INFORME SOBRE EL PCA.
-------------------------
Ingrese la cantidad de componentes principales (1-234): 2
Eigenvalores
[0.42847562 0.13562242]
Eigenvectores
[[-0.0236064   0.03012332]
 [-0.02368865  0.03066609]
 [-0.02377711  0.0307624 ]
 [-0.02410894  0.03118348]
 [-0.02424812  0.0311288 ]
 [-0.02423967  0.03140748]
 [-0.02408226  0.03105788]
 [-0.02374305  0.03044968]
 [-0.02324075  0.02616613]
 [-0.02266609  0.01758087]
 [-0.02045593 -0.00310085]
 [-0.01590846 -0.04822598]
 [-0.00923962 -0.11412717]
 [-0.00072406 -0.1955304 ]
 [ 0.00818012 -0.28114437]
 [ 0.01150022 -0.31913002]
 [ 0.00935345 -0.30285751]
 [ 0.00363287 -0.24763732]
 [-0.0033657  -0.18757929]
 [-0.00772457 -0.161517  ]
 [-0.01138679 -0.13655068]
 [-0.01484327 -0.10832467]
 [-0.01869791 -0.08245617]
 [-0.02250437 -0.06950315]
 [-0.02563373 -0.06252925]
 [-0.02971637 -0.05572163]
 [-0.03464581 -0.04874296]
 [-0.04115549 -0.04228486]
 [-0.04647524 -0.0370744 ]
 [-0.05027855 -0.03346212]
 [-0.05543118 -0.02604846]
 [-0.06555357 -0.01335533]
 [-0.0746043  -0.00345917]
 [-0.08460674  0.0062337 ]
 [-0.0975056   0.01573011]
 [-0.11065947  0.01860992]
 [-0.12433792  0.01610095]
 [-0.13715679  0.00996259]
 [-0.14497967  0.00606011]
 [-0.1494993   0.00470225]
 [-0.14705611  0.0067241 ]
 [-0.1422884   0.00775576]
 [-0.1367298   0.00911067]
 [-0.1266754   0.01290809]
 [-0.11820567  0.01926688]
 [-0.10893183  0.02485019]
 [-0.09808243  0.03018194]
 [-0.08943099  0.03373355]
 [-0.08234041  0.03636256]
 [-0.07724501  0.03906133]
 [-0.07378371  0.04100254]
 [-0.07117149  0.042496  ]
 [-0.06985964  0.04337448]
 [-0.06949649  0.04424702]
 [-0.07012285  0.04496774]
 [-0.07161266  0.04616107]
 [-0.07399461  0.04733776]
 [-0.07680785  0.04910156]
 [-0.08078817  0.05170792]
 [-0.08673552  0.05559182]
 [-0.09316268  0.05889339]
 [-0.10000637  0.06203259]
 [-0.10430015  0.06256129]
 [-0.10915761  0.05771299]
 [-0.1156213   0.05022013]
 [-0.11851321  0.04273633]
 [-0.11906519  0.03568801]
 [-0.11575143  0.03035765]
 [-0.11222313  0.02823001]
 [-0.10961624  0.02977034]
 [-0.1057078   0.03195709]
 [-0.10092558  0.03427971]
 [-0.09526318  0.03623993]
 [-0.08991121  0.03724792]
 [-0.08612517  0.0389781 ]
 [-0.0822197   0.04140111]
 [-0.07586458  0.04480055]
 [-0.07029436  0.04919225]
 [-0.0672749   0.05099474]
 [-0.0631513   0.05330157]
 [-0.05990307  0.05573921]
 [-0.05688048  0.05896937]
 [-0.05531983  0.06102373]
 [-0.05459649  0.06119626]
 [-0.05378771  0.05626572]
 [-0.0520584   0.03159485]
 [-0.05083048 -0.00749893]
 [-0.05106962 -0.02933619]
 [-0.05263094 -0.03140882]
 [-0.05502183 -0.02218112]
 [-0.05876559 -0.00713143]
 [-0.05988586  0.00433844]
 [-0.05909966  0.01315454]
 [-0.05736743  0.01810598]
 [-0.05479215  0.02287978]
 [-0.0512296   0.02951477]
 [-0.04882345  0.03670943]
 [-0.04722005  0.0434282 ]
 [-0.04603876  0.04636806]
 [-0.04479176  0.04422741]
 [-0.04483893  0.04240223]
 [-0.04614177  0.0461049 ]
 [-0.04799835  0.05241573]
 [-0.04945523  0.05530111]
 [-0.04989747  0.05466794]
 [-0.04959782  0.0523564 ]
 [-0.04932149  0.05010905]
 [-0.04867102  0.04799362]
 [-0.04749002  0.0432755 ]
 [-0.04575729  0.03564109]
 [-0.04369636  0.03181374]
 [-0.04137972  0.03520058]
 [-0.03908288  0.03789907]
 [-0.03691807  0.03846008]
 [-0.03539839  0.03924284]
 [-0.03506001  0.04019949]
 [-0.0356332   0.04146342]
 [-0.03684587  0.04336689]
 [-0.03834999  0.04610481]
 [-0.03934545  0.04845874]
 [-0.03985039  0.05066747]
 [-0.03963081  0.0518265 ]
 [-0.03863288  0.05065925]
 [-0.03729438  0.04741614]
 [-0.03644528  0.04314618]
 [-0.03603174  0.03943371]
 [-0.03558987  0.03704261]
 [-0.03473953  0.03462509]
 [-0.03354722  0.0324873 ]
 [-0.03245051  0.03097078]
 [-0.0319427   0.03018908]
 [-0.03225165  0.03027669]
 [-0.03333853  0.03040011]
 [-0.03476907  0.0292253 ]
 [-0.03577626  0.02649223]
 [-0.03590801  0.02285804]
 [-0.03524636  0.02058554]
 [-0.03412725  0.01936567]
 [-0.0328324   0.01568645]
 [-0.03178586  0.01123673]
 [-0.03109799  0.00847933]
 [-0.03092974  0.00764111]
 [-0.03127217  0.00777403]
 [-0.03202357  0.00609784]
 [-0.03318275  0.00257089]
 [-0.03470755 -0.00038427]
 [-0.03617976 -0.00091494]
 [-0.03679339  0.00078582]
 [-0.03574585  0.00148895]
 [-0.0330325  -0.00158788]
 [-0.02958527 -0.00640119]
 [-0.02676044 -0.00855288]
 [-0.02533084 -0.0060472 ]
 [-0.02501669 -0.00209903]
 [-0.02527621 -0.00068746]
 [-0.02481251 -0.00460019]
 [-0.02268585 -0.01489241]
 [-0.01957728 -0.02549965]
 [-0.0165471  -0.03248816]
 [-0.01325525 -0.04217793]
 [-0.00921229 -0.05895682]
 [-0.00390709 -0.08088047]
 [ 0.00265095 -0.10093559]
 [ 0.01043763 -0.10726847]
 [ 0.02010806 -0.09724899]
 [ 0.03238306 -0.08051513]
 [ 0.04536777 -0.06287993]
 [ 0.05523395 -0.04735764]
 [ 0.05920281 -0.03746348]
 [ 0.05743905 -0.03441276]
 [ 0.05195356 -0.03518231]
 [ 0.04523888 -0.03297576]
 [ 0.03933924 -0.02310078]
 [ 0.03636011 -0.00888733]
 [ 0.03691053  0.00203551]
 [ 0.03979085  0.00435399]
 [ 0.0435669  -0.00078234]
 [ 0.0474676  -0.00681694]
 [ 0.05144112 -0.00773876]
 [ 0.05564403 -0.00572903]
 [ 0.05975753 -0.00603877]
 [ 0.06275651 -0.00761351]
 [ 0.06487985 -0.00897446]
 [ 0.06823005 -0.00642383]
 [ 0.07485944  0.00615589]
 [ 0.08433221  0.0269589 ]
 [ 0.09255966  0.04732908]
 [ 0.09348787  0.05680406]
 [ 0.08563666  0.05221172]
 [ 0.07579028  0.04201445]
 [ 0.07258978  0.03847646]
 [ 0.07801037  0.04480626]
 [ 0.08865185  0.05778649]
 [ 0.09949906  0.07339711]
 [ 0.10819334  0.08902628]
 [ 0.11468583  0.10337615]
 [ 0.12056316  0.11608976]
 [ 0.12528895  0.12578426]
 [ 0.12881945  0.13343691]
 [ 0.13235459  0.14192677]
 [ 0.13660958  0.15098782]
 [ 0.13836945  0.15501661]
 [ 0.13389424  0.15030433]
 [ 0.12282831  0.136893  ]
 [ 0.10929889  0.11975126]
 [ 0.09765221  0.1043182 ]
 [ 0.09015018  0.09365563]
 [ 0.08485184  0.08560572]
 [ 0.07837366  0.07572239]
 [ 0.06869527  0.06145688]
 [ 0.0565612   0.04410839]
 [ 0.04428253  0.0270802 ]
 [ 0.03392204  0.01268687]
 [ 0.0264584   0.00166256]
 [ 0.02196677 -0.00704761]
 [ 0.01939803 -0.01393721]
 [ 0.017389   -0.01791624]
 [ 0.01534938 -0.01973196]
 [ 0.01379003 -0.02101833]
 [ 0.01297208 -0.02156573]
 [ 0.01323751 -0.02129494]
 [ 0.01473825 -0.02009351]
 [ 0.01742738 -0.0176699 ]
 [ 0.0202917  -0.01432733]
 [ 0.02241411 -0.01232923]
 [ 0.02360515 -0.01228209]
 [ 0.02419092 -0.01340086]
 [ 0.02414208 -0.01577653]
 [ 0.0235287  -0.01907774]
 [ 0.02268221 -0.02190757]
 [ 0.02171022 -0.02434544]
 [ 0.02069466 -0.0264096 ]
 [ 0.01990833 -0.02806922]
 [ 0.01934027 -0.02947646]]
Porcentaje de Varianza Explicada por cada componente
[75.95765084 24.04234916]
Componente Principal para eje X = 1
Componente Principal para eje Y = 2
Componente Principal para eje Z = No aporta
Porcentajes de Varianza X = 75.95765084473553
Porcentajes de Varianza Y = 24.042349155264482
Porcentajes de Varianza Z = N
Eje X 		 Eje Y 		 Eje Z
[0.42555068]	[-0.19425265]	N
[0.85871392]	[-0.39592518]	o
[0.34269329]	[-0.25893147]	 
[0.55651518]	[-0.3675436]	A
[0.27949584]	[-0.19214565]	p
[0.62660048]	[-0.26665504]	o
[0.36392687]	[-0.13597491]	r
[0.7410167]	[-0.24368139]	t
[0.46053244]	[-0.16832643]	a
RESULTADO PCA
[[ 0.42555068 -0.19425265]
 [ 0.85871392 -0.39592518]
 [ 0.34269329 -0.25893147]
 ...
 [ 0.28301944 -0.00885856]
 [ 0.10722908  0.04892642]
 [ 0.59798331  0.00839457]]