INFORME SOBRE EL PCA.
-------------------------
Ingrese la cantidad de componentes principales (1-150): 2
Eigenvalores
[1971.86362449  327.65327739]
Eigenvectores
[[-0.01971231  0.00331793]
 [-0.01970432  0.00321099]
 [-0.01969552  0.00311465]
 ...
 [-0.01844066 -0.01222948]
 [-0.01850575 -0.01159618]
 [-0.0185867  -0.01072772]]
Porcentaje de Varianza Explicada por cada componente
[85.75121248 14.24878752]
Componente Principal para eje X = 1
Componente Principal para eje Y = 2
Porcentajes de Varianza X = 85.75121247780456
Porcentajes de Varianza Y = 14.248787522195446
Porcentajes de Varianza Z = N
Eje X 		 Eje Y 		 Eje Z
[14.6727627]	[-8.42954284]	N
[45.94760174]	[-15.91928243]	o
[15.85010868]	[-14.92014024]	 
[47.2770166]	[-12.96417313]	A
[85.0727029]	[-20.51130299]	p
[68.12756682]	[-19.50949781]	o
[53.09083502]	[-13.68668267]	r
[13.83667442]	[-10.64625856]	t
[139.53529917]	[-34.30460997]	a
RESULTADO PCA
[[ 1.46727627e+01 -8.42954284e+00]
 [ 4.59476017e+01 -1.59192824e+01]
 [ 1.58501087e+01 -1.49201402e+01]
 [ 4.72770166e+01 -1.29641731e+01]
 [ 8.50727029e+01 -2.05113030e+01]
 [ 6.81275668e+01 -1.95094978e+01]
 [ 5.30908350e+01 -1.36866827e+01]
 [ 1.38366744e+01 -1.06462586e+01]
 [ 1.39535299e+02 -3.43046100e+01]
 [ 9.46550820e+01 -1.98895258e+01]
 [ 1.49543113e+02 -3.58166889e+01]
 [ 5.36586379e+01 -1.51887971e+01]
 [ 9.26552751e+01 -1.82295731e+01]
 [-3.15016946e+01 -1.17662957e+01]
 [-7.22427424e+00 -1.67682361e+01]
 [-1.68788814e+01 -1.43516344e+01]
 [-6.17674277e+01 -7.47030071e+00]
 [ 1.43700420e-01 -1.65329776e+01]
 [-3.94146808e+01 -8.78304841e+00]
 [ 3.38801123e+00 -1.76571050e+01]
 [-1.57073956e+01 -1.39780790e+01]
 [-3.19178781e+01 -1.13975765e+01]
 [ 1.35194967e+00 -1.74379330e+01]
 [-7.92159846e+00 -1.53820184e+01]
 [-6.54821875e+00 -1.59362710e+01]
 [-2.17482638e+00 -1.66798688e+01]
 [ 1.24185483e+01 -2.13113818e+01]
 [-4.10026775e+01 -1.13387001e+01]
 [ 3.37289353e+01 -2.78790134e+01]
 [-5.08349789e+01 -1.05389698e+01]
 [-6.10586340e+01 -5.32392791e+00]
 [ 5.58062230e+01 -3.30766233e+01]
 [ 2.23264415e+01 -2.03473067e+01]
 [ 9.52302750e+00 -2.00575674e+01]
 [-5.14832496e+01 -9.27838348e+00]
 [ 1.87587306e+01 -2.04661306e+01]
 [ 4.39325121e+01 -2.83155770e+01]
 [-1.23055080e+01 -1.74878300e+01]
 [-1.81274717e+01 -1.67928765e+01]
 [-2.97382569e+01 -1.19403934e+01]
 [-4.67591333e+01 -9.51989313e+00]
 [-1.87532896e+01 -8.81471817e+00]
 [-5.67512460e+01 -3.52099752e+00]
 [ 2.31774608e+01 -1.24836222e+01]
 [-3.57143894e+01 -4.89844359e+00]
 [-3.21048531e+01 -9.20573897e+00]
 [-3.38601981e+01 -9.48322015e+00]
 [ 2.15048132e+01 -1.55579415e+01]
 [-3.84015020e+01 -8.77311765e+00]
 [ 1.01251208e+01 -1.06451074e+01]
 [-2.72551934e+01 -5.90249737e-01]
 [-2.85287525e+01 -1.66422433e+00]
 [-1.37013522e+01  1.08389138e-01]
 [ 2.90292628e+01 -7.30200318e-01]
 [ 2.65514087e+01  8.04381709e-01]
 [ 3.76495577e+01  2.06350408e+00]
 [ 2.11409833e+01  2.35327872e+00]
 [ 1.06934017e+00  6.47367432e-01]
 [ 2.10615805e+01  9.05089314e-01]
 [-4.18782021e+00  1.58637505e+00]
 [-3.94425799e+01 -6.60101111e-01]
 [-1.85300068e+01 -2.72708946e+00]
 [ 1.93396751e+01  8.36401038e-01]
 [ 4.22026477e+00 -2.62485360e+00]
 [ 7.71698527e+00 -4.19842939e+00]
 [ 5.58276823e+01 -6.30067985e+00]
 [-2.62271732e+01 -4.11975133e+00]
 [-1.93165207e+01 -3.91033328e+00]
 [-1.23640770e+01 -3.96239254e+00]
 [-3.86065819e+01 -3.81094604e+00]
 [-2.02364269e+01 -4.08643721e+00]
 [-1.42119718e+01 -8.49772049e+00]
 [ 2.43807463e+01 -4.03191541e+00]
 [ 9.96544855e+01 -7.28774127e+00]
 [ 1.96252498e+01 -4.37653666e+00]
 [-4.42070377e+01 -3.88350007e+00]
 [ 5.16792824e+01 -9.78953892e+00]
 [ 2.96007759e+01 -5.53928687e+00]
 [ 1.29292306e-01 -1.92075860e+00]
 [-1.90927361e+01 -6.00716432e+00]
 [-1.06463884e+01 -1.22772753e+00]
 [ 1.36145617e+01 -5.08384914e+00]
 [ 1.52213626e+01 -4.17158600e+00]
 [-5.42461289e+01 -4.82899683e+00]
 [-2.80342076e+01 -4.87064712e+00]
 [ 4.55216503e+00 -5.45872704e+00]
 [ 1.63373984e+01 -7.80088642e+00]
 [ 1.95935258e+01 -5.07598867e+00]
 [ 1.61772559e+01 -4.73226529e+00]
 [-2.86555611e+01 -2.87963550e+00]
 [-4.87769417e+01 -3.09764402e+00]
 [-4.40498686e+01 -2.61360406e+00]
 [ 1.84554650e+01 -1.54004634e+01]
 [ 1.12161092e+02 -2.76911912e+01]
 [-6.99244209e+01 -3.25584225e+00]
 [ 3.19561466e+01  1.38553791e+00]
 [ 2.15668675e+01 -1.66567026e+01]
 [ 3.72153774e+01  1.48719131e+00]
 [-5.26952196e+01 -1.63334054e+00]
 [ 3.13348658e+01  2.52995339e+00]
 [ 6.18677439e+01  5.50038537e+01]
 [-8.81948332e+00  2.04834384e+01]
 [-1.32350425e+01  2.64996135e+01]
 [ 1.94465693e+01  3.37639267e+01]
 [ 4.09145339e+01  4.39399695e+01]
 [-5.69227879e+01  8.89701638e-01]
 [-6.03974723e+01  1.11317960e+00]
 [ 1.18835906e+01  3.11666689e+01]
 [-5.99293475e+01 -9.72639855e-01]
 [ 1.35365111e+02  7.42425907e+01]
 [ 3.42139094e+01  5.92503767e+01]
 [ 1.27306216e+01  2.52970392e+01]
 [-5.13778187e+01  2.55158370e+00]
 [-1.29342668e+01  2.57306908e+01]
 [-6.16819581e+01  8.31370772e+00]
 [ 5.53766309e+01  4.76215767e+01]
 [-2.42084830e+01  1.89145924e+01]
 [-3.27804732e+01  1.47817816e+01]
 [-5.02161274e+01  6.04905071e+00]
 [-6.67800099e+01  7.44202921e-02]
 [-7.57107018e+01 -1.76950014e+00]
 [-1.70070399e+01  1.46476206e+01]
 [-8.87917767e+00  2.14716294e+01]
 [-4.19299262e+01  2.60128159e+00]
 [-1.97198765e+01  1.60758663e+01]
 [-1.61061917e+01  1.82229225e+01]
 [-1.84370295e+01  2.78805401e+01]
 [ 5.44098565e+01  2.81279135e+01]
 [-8.04435938e+01 -3.27322610e+00]
 [-1.57238996e+00  1.32200525e+01]
 [-4.78950314e+01  5.92584584e+00]
 [ 1.55101854e+01  1.24745740e+01]
 [ 9.18888912e-01  1.43040513e+01]
 [-1.69472434e+01  1.89908008e+01]
 [-3.38184754e+01  1.35725836e+01]
 [-2.57968962e+01  8.10884676e+00]
 [ 1.82440577e+00  3.92431290e+01]
 [-1.71266946e+01  1.05743698e+01]
 [-3.26501788e+01  1.48302844e+01]
 [-3.01103789e+01  1.48486348e+01]
 [-1.26737006e+01  9.51876009e+00]
 [-8.27881740e+00  1.11763054e+01]
 [-3.12380949e+01  7.68032944e+00]
 [ 1.52026273e+02  5.20410115e+01]
 [-1.71938236e+01  2.08870342e+01]
 [-2.01708567e+01  7.11594135e+00]
 [-3.50313144e+01  1.48085539e+01]
 [ 2.03473501e+01  1.92606471e+01]
 [-1.25947696e+01  2.21794374e+01]
 [-2.30177213e+00  1.42450174e+01]]