INFORME SOBRE EL PCA.
-------------------------
Ingrese la cantidad de componentes principales (1-36): 7
Eigenvalores
[43303615.91352849 26434845.65694178 14595737.12389711  6039877.96937217
  4714444.88823873  2414551.57890537  2289054.49138108]
Eigenvectores
[[-0.05026795  0.08176357  0.08142015 ... -0.07782963  0.02409727
   0.02158823]
 [-0.04952829  0.07541854  0.0763001  ... -0.06878209  0.03194279
   0.01965784]
 [-0.04478762  0.07262956  0.07607597 ... -0.06512907  0.03111386
   0.00778626]
 ...
 [ 0.00394977  0.00478352  0.00183532 ... -0.00180535 -0.00551758
  -0.00561975]
 [ 0.00290749  0.00584986  0.00251376 ...  0.00036738 -0.00769456
  -0.00257245]
 [-0.00045876  0.00534121  0.00355452 ...  0.00036597 -0.0037648
  -0.005375  ]]
Porcentaje de Varianza Explicada por cada componente
[43.39381968 26.48991086 14.62614083  6.05245936  4.72426533  2.41958122
  2.29382272]
Componente Principal para eje X = 1
Componente Principal para eje Y = 2
Componente Principal para eje Z = 3
Porcentajes de Varianza X = 43.393819678283904
Porcentajes de Varianza Y = 26.489910864515803
Porcentajes de Varianza Z = 14.626140830612616
Eje X 		 Eje Y 		 Eje Z
[2281.84438886]	[6011.26482456]	[1163.65211478]
[190.71750712]	[-6652.57580965]	[3710.41703766]
[7886.92532773]	[-627.24481432]	[2226.29724677]
[7886.92532773]	[-627.24481432]	[2226.29724677]
[264.44270054]	[947.90027109]	[-2467.08314274]
[743.20780538]	[-569.4798007]	[-1555.29208507]
[1717.87596832]	[-2900.43551591]	[-2614.88501479]
[4022.60775914]	[-1418.14683176]	[-1007.84190359]
[3973.21915232]	[-1804.03422984]	[-2461.30228417]
[-1724.22446131]	[-4826.92695541]	[-1158.81954652]
[5057.91922419]	[-3861.21880731]	[244.46368346]
[-45.29753128]	[36.92567945]	[-1944.31241156]
[9932.16712401]	[-256.00089235]	[2694.06690486]
[-7652.75000217]	[-4726.76957685]	[-130.61783943]
[339.43413306]	[33.26183721]	[-2907.68073499]
[27.87392025]	[-921.98201709]	[-1771.38392493]
[-737.86448324]	[-1011.46300151]	[-4438.24946874]
[-9858.23490822]	[-5451.27296501]	[-114.32889964]
[1068.76679575]	[-131.45901292]	[-858.76442653]
[7893.33754836]	[2158.84829753]	[2415.56976341]
[826.41489724]	[-516.62134128]	[-7257.19085561]
[-1844.83723632]	[921.76811453]	[-4531.96713798]
[-877.05652019]	[-630.65437976]	[-4893.23211632]
[-403.99028225]	[732.66365649]	[-6385.40869997]
[926.81434158]	[-614.25329336]	[-2199.36000036]
[-21088.86020717]	[-8551.53758244]	[9302.33462521]
[2693.7978522]	[1100.13128317]	[-824.68643484]
[2431.21937918]	[909.97238194]	[-622.46732913]
[8403.62211502]	[176.66528314]	[7191.47857853]
[8425.72234147]	[1805.87439693]	[6935.60052837]
[226.68605016]	[-1511.87532216]	[5446.19682955]
[3379.83615982]	[410.47071282]	[5826.00431622]
[-3651.84062547]	[1491.01920743]	[-2786.86409118]
[-13706.96837196]	[-4514.17194971]	[-285.97417586]
[-7987.74160306]	[17953.13081345]	[3345.67192917]
[-11021.71158678]	[17435.47215391]	[489.66171917]
RESULTADO PCA
[[  2281.84438886   6011.26482456   1163.65211478]
 [   190.71750712  -6652.57580965   3710.41703766]
 [  7886.92532773   -627.24481432   2226.29724677]
 [  7886.92532773   -627.24481432   2226.29724677]
 [   264.44270054    947.90027109  -2467.08314274]
 [   743.20780538   -569.4798007   -1555.29208507]
 [  1717.87596832  -2900.43551591  -2614.88501479]
 [  4022.60775914  -1418.14683176  -1007.84190359]
 [  3973.21915232  -1804.03422984  -2461.30228417]
 [ -1724.22446131  -4826.92695541  -1158.81954652]
 [  5057.91922419  -3861.21880731    244.46368346]
 [   -45.29753128     36.92567945  -1944.31241156]
 [  9932.16712401   -256.00089235   2694.06690486]
 [ -7652.75000217  -4726.76957685   -130.61783943]
 [   339.43413306     33.26183721  -2907.68073499]
 [    27.87392025   -921.98201709  -1771.38392493]
 [  -737.86448324  -1011.46300151  -4438.24946874]
 [ -9858.23490822  -5451.27296501   -114.32889964]
 [  1068.76679575   -131.45901292   -858.76442653]
 [  7893.33754836   2158.84829753   2415.56976341]
 [   826.41489724   -516.62134128  -7257.19085561]
 [ -1844.83723632    921.76811453  -4531.96713798]
 [  -877.05652019   -630.65437976  -4893.23211632]
 [  -403.99028225    732.66365649  -6385.40869997]
 [   926.81434158   -614.25329336  -2199.36000036]
 [-21088.86020717  -8551.53758244   9302.33462521]
 [  2693.7978522    1100.13128317   -824.68643484]
 [  2431.21937918    909.97238194   -622.46732913]
 [  8403.62211502    176.66528314   7191.47857853]
 [  8425.72234147   1805.87439693   6935.60052837]
 [   226.68605016  -1511.87532216   5446.19682955]
 [  3379.83615982    410.47071282   5826.00431622]
 [ -3651.84062547   1491.01920743  -2786.86409118]
 [-13706.96837196  -4514.17194971   -285.97417586]
 [ -7987.74160306  17953.13081345   3345.67192917]
 [-11021.71158678  17435.47215391    489.66171917]]