INFORME SOBRE EL PCA.
-------------------------
Ingrese la cantidad de componentes principales (1-150): 7
Eigenvalores
[1292.2488841   315.72700361  164.59653837   34.00494959   11.79999978
    5.13371897    3.0160539 ]
Eigenvectores
[[-0.00579518  0.04165974  0.00046079 ... -0.14250271  0.00587535
   0.00563585]
 [-0.00564063  0.0396427  -0.00072239 ... -0.16173016  0.01717393
   0.01164021]
 [-0.00714103  0.03522582 -0.00125223 ... -0.18815534  0.03308744
   0.00601119]
 ...
 [-0.00187298 -0.05510972  0.01374154 ...  0.0079581   0.0230958
   0.01409543]
 [-0.00225152 -0.05532567  0.01162062 ...  0.00720369  0.02072622
   0.01305422]
 [-0.00246654 -0.05536636  0.01036177 ...  0.00833033  0.02825349
   0.01133954]]
Porcentaje de Varianza Explicada por cada componente
[70.74895576 17.28564527  9.01144768  1.86172703  0.64603473  0.28106448
  0.16512505]
Componente Principal para eje X = 1
Componente Principal para eje Y = 2
Componente Principal para eje Z = 3
Porcentajes de Varianza X = 70.7489557595745
Porcentajes de Varianza Y = 17.285645269448473
Porcentajes de Varianza Z = 9.011447682227741
Eje X 		 Eje Y 		 Eje Z
[97.13077051]	[-12.35824837]	[-3.98719783]
[71.555091]	[-17.44096568]	[-5.76723188]
[158.80340178]	[-14.42967295]	[1.59444933]
[24.0047976]	[-20.41594519]	[-9.14498098]
[150.64950054]	[-13.91168028]	[0.5517177]
[83.76286738]	[-16.43884186]	[-4.61307824]
[64.01161315]	[-17.14419895]	[-6.32546426]
[64.74658811]	[-16.69881092]	[-6.16427135]
[74.43994984]	[-17.8436954]	[-5.09208633]
[3.19446953]	[-18.01243162]	[-10.51995301]
[73.86458624]	[-16.96761385]	[-5.27796233]
[136.79735033]	[-12.5533901]	[-0.62426663]
[52.47028386]	[-17.25455549]	[-6.8333141]
[104.93352508]	[-15.5206972]	[-2.91449731]
[118.44737902]	[-15.53054164]	[-1.90197365]
[56.45444659]	[-17.16574822]	[-6.73026808]
[-12.60726367]	[-17.8731208]	[-11.85853501]
[25.35423498]	[-18.09656337]	[-8.66415929]
[-27.83979168]	[-16.91323579]	[-15.21993495]
[-25.02946865]	[-17.53863856]	[-15.02637882]
[-26.73984886]	[-18.87893968]	[-15.19420932]
[-30.82735591]	[-19.17975652]	[-14.94766461]
[-32.53841283]	[-18.65596144]	[-14.90484996]
[-33.84338815]	[-17.84997966]	[-14.42719907]
[-27.05205722]	[-18.56297493]	[-15.50793348]
[-28.30891368]	[-19.18901168]	[-15.01576093]
[-29.0220919]	[-18.78047408]	[-15.15492574]
[-40.04426818]	[-19.7966919]	[-14.43798555]
[-36.53869778]	[-19.04946661]	[-14.40679246]
[-36.52138342]	[-15.06921164]	[-13.51117131]
[-22.68153775]	[-14.91709566]	[-12.27935291]
[-27.29242008]	[-18.1251476]	[-14.86422167]
[-27.57486742]	[-18.08369002]	[-14.00319609]
[-26.73246206]	[-17.86459903]	[-14.33488946]
[-16.52863875]	[-17.0895836]	[-13.8619093]
[-9.11134625]	[-17.17139779]	[-13.89264065]
[-29.32056053]	[-16.95854946]	[-14.00605772]
[-16.89849046]	[-17.66968396]	[-14.28812481]
[-28.34286809]	[-17.85467898]	[-14.04916109]
[-29.60881388]	[-17.35030378]	[-14.1434649]
[-28.41869068]	[-14.65908694]	[-13.9007432]
[-24.27942989]	[-20.41272071]	[-15.57783033]
[-19.31965861]	[-19.88196272]	[-14.85547864]
[-21.07155089]	[-18.78817461]	[-14.75199256]
[-28.77956552]	[-19.30831017]	[-14.78910666]
[-35.12882954]	[-19.69052286]	[-14.6223911]
[-29.49508953]	[-19.6128458]	[-15.14504836]
[-28.38019367]	[-18.39234475]	[-14.6183224]
[-27.94615721]	[-19.27028852]	[-14.84274058]
[-32.69130375]	[-19.02204655]	[-14.74928323]
[-9.38389303]	[28.6678011]	[-3.59950931]
[-11.14453154]	[24.33336286]	[-5.42475476]
[-16.8751007]	[20.50287659]	[-7.36731618]
[-10.76008033]	[24.68723716]	[-5.08756222]
[13.82585049]	[28.31936557]	[-7.5212518]
[21.82827101]	[30.66648038]	[-0.93258544]
[13.91638193]	[30.72685945]	[-3.06251923]
[15.68790258]	[25.8117661]	[-7.03289584]
[47.57666467]	[23.90750214]	[-5.89778407]
[24.9501014]	[29.50389246]	[-8.77408192]
[55.60875787]	[21.90428973]	[-7.43665314]
[38.25769316]	[24.51563394]	[-3.92849954]
[-11.9206724]	[24.47113774]	[-5.98671018]
[-8.62615567]	[26.50644455]	[-4.60014399]
[-9.84314782]	[24.04725608]	[-5.94969255]
[-13.31097965]	[24.20209221]	[-5.30587324]
[-7.11385137]	[23.33798463]	[-6.26954962]
[-8.80508313]	[26.17036523]	[-4.16859708]
[-7.83236588]	[26.98979911]	[-4.04561234]
[-15.05160301]	[19.96630755]	[-7.41188721]
[7.97529698]	[29.09028203]	[-4.09423088]
[-0.05990767]	[30.5813692]	[-2.11754418]
[-3.88220989]	[26.72745845]	[-4.87375059]
[8.29534817]	[20.83243007]	[-8.57194303]
[-11.30163637]	[23.73809646]	[-5.56075338]
[-11.78441038]	[25.61149394]	[-4.39928516]
[-12.05600804]	[21.75153715]	[-6.19903158]
[-10.879522]	[26.03964987]	[-4.32508275]
[24.11214248]	[4.00949218]	[-7.47050359]
[13.32742345]	[5.17372446]	[-7.17267345]
[40.96850664]	[2.81682848]	[-6.3809905]
[37.11571819]	[5.96153587]	[-6.19401066]
[-6.82354446]	[30.10742895]	[-2.50202316]
[-13.5737877]	[24.16925807]	[-5.44387716]
[-4.22567368]	[28.86814484]	[-3.36471426]
[-11.90144677]	[25.97387093]	[-4.61590247]
[2.81224028]	[25.71980864]	[-4.3452478]
[-7.55023387]	[26.80463903]	[-4.03790176]
[-6.88209437]	[26.96561242]	[-3.91747876]
[6.75303199]	[23.62358113]	[-5.05483798]
[10.34942398]	[22.87735996]	[-4.35520279]
[18.42258429]	[23.28542349]	[-4.94044874]
[8.31499396]	[21.25734306]	[-6.17065707]
[-14.53431826]	[24.33967482]	[-5.52554821]
[-11.95430679]	[23.23054039]	[-5.80007021]
[-12.81623738]	[22.91166044]	[-6.64551836]
[-5.49804971]	[19.99514896]	[-7.47860206]
[-3.85083321]	[22.72134344]	[-6.53651406]
[-11.88095328]	[24.02162265]	[-4.79818375]
[-13.50086308]	[22.00799966]	[-6.68801293]
[26.26130255]	[-7.58365518]	[10.94501152]
[-16.22709067]	[-7.13461054]	[17.32342572]
[-19.17539921]	[-8.70821089]	[13.00509535]
[-19.13840848]	[-8.48906194]	[13.72570998]
[-10.01854706]	[-4.1911977]	[21.33964699]
[-15.41760324]	[-9.21726746]	[9.49103786]
[-14.43891537]	[-6.81274265]	[14.45180752]
[-22.83060101]	[-8.97309195]	[8.67134]
[-17.94082244]	[-7.88014802]	[12.12850943]
[-19.33243776]	[-8.50127917]	[14.76486488]
[-2.65117428]	[-2.10317986]	[25.61546576]
[-9.99221304]	[-5.11218478]	[20.01961026]
[-2.72261508]	[-2.91777923]	[24.38060309]
[-1.59450791]	[-0.21116017]	[29.67318222]
[-2.71701976]	[-1.47063548]	[27.58435313]
[-11.51706633]	[-5.02839323]	[19.88615519]
[-12.01694782]	[-4.9152521]	[19.84257073]
[-9.60251487]	[-7.00108579]	[14.51688733]
[4.10585061]	[0.09246853]	[19.2058753]
[-21.8119625]	[-9.11629945]	[13.66954637]
[-3.23533849]	[-4.26364485]	[18.55414994]
[-4.54666433]	[-3.75173469]	[18.85832358]
[-8.54224622]	[-4.24083219]	[20.2996848]
[-5.25074099]	[-4.73063684]	[17.18053797]
[-8.96308406]	[-4.44444119]	[20.4747214]
[-6.11970677]	[-3.24984989]	[22.39564237]
[-14.62976598]	[-7.14731107]	[14.5551274]
[-18.58584047]	[-8.2265357]	[6.3519107]
[-23.75890065]	[-10.94059075]	[6.9869191]
[5.75398827]	[-4.23897269]	[17.41205408]
[-23.6444015]	[-10.42091305]	[7.23318444]
[-16.50230127]	[-7.9561175]	[10.89853535]
[-8.77737048]	[-2.96432027]	[20.37445363]
[-12.05521661]	[-5.57656259]	[13.8491749]
[-18.02915762]	[-7.27842015]	[14.84031327]
[-11.91128193]	[-6.63169194]	[15.10561863]
[-21.63348979]	[-9.44941282]	[9.20032809]
[-17.25322061]	[-8.5581902]	[10.86618319]
[-15.84151565]	[-7.70127106]	[13.11597758]
[-18.4206677]	[-8.92646616]	[12.52818678]
[-16.95293486]	[-6.5940384]	[17.27123144]
[-21.98816362]	[-10.05615506]	[7.10828854]
[-9.28084883]	[-3.93124492]	[17.66706063]
[-12.76192832]	[-4.56547887]	[18.92234861]
[-12.50810999]	[-4.00024235]	[19.53120306]
[-8.01453093]	[-1.85673359]	[25.62898841]
[-0.40106101]	[0.63239407]	[30.04094104]
[-4.28517245]	[-1.64169436]	[24.5543644]
[-10.26104222]	[-5.76106024]	[15.20736413]
[-21.40086244]	[-9.46177936]	[11.73433994]
RESULTADO PCA
[[ 9.71307705e+01 -1.23582484e+01 -3.98719783e+00]
 [ 7.15550910e+01 -1.74409657e+01 -5.76723188e+00]
 [ 1.58803402e+02 -1.44296730e+01  1.59444933e+00]
 [ 2.40047976e+01 -2.04159452e+01 -9.14498098e+00]
 [ 1.50649501e+02 -1.39116803e+01  5.51717705e-01]
 [ 8.37628674e+01 -1.64388419e+01 -4.61307824e+00]
 [ 6.40116131e+01 -1.71441990e+01 -6.32546426e+00]
 [ 6.47465881e+01 -1.66988109e+01 -6.16427135e+00]
 [ 7.44399498e+01 -1.78436954e+01 -5.09208633e+00]
 [ 3.19446953e+00 -1.80124316e+01 -1.05199530e+01]
 [ 7.38645862e+01 -1.69676138e+01 -5.27796233e+00]
 [ 1.36797350e+02 -1.25533901e+01 -6.24266628e-01]
 [ 5.24702839e+01 -1.72545555e+01 -6.83331410e+00]
 [ 1.04933525e+02 -1.55206972e+01 -2.91449731e+00]
 [ 1.18447379e+02 -1.55305416e+01 -1.90197365e+00]
 [ 5.64544466e+01 -1.71657482e+01 -6.73026808e+00]
 [-1.26072637e+01 -1.78731208e+01 -1.18585350e+01]
 [ 2.53542350e+01 -1.80965634e+01 -8.66415929e+00]
 [-2.78397917e+01 -1.69132358e+01 -1.52199350e+01]
 [-2.50294686e+01 -1.75386386e+01 -1.50263788e+01]
 [-2.67398489e+01 -1.88789397e+01 -1.51942093e+01]
 [-3.08273559e+01 -1.91797565e+01 -1.49476646e+01]
 [-3.25384128e+01 -1.86559614e+01 -1.49048500e+01]
 [-3.38433882e+01 -1.78499797e+01 -1.44271991e+01]
 [-2.70520572e+01 -1.85629749e+01 -1.55079335e+01]
 [-2.83089137e+01 -1.91890117e+01 -1.50157609e+01]
 [-2.90220919e+01 -1.87804741e+01 -1.51549257e+01]
 [-4.00442682e+01 -1.97966919e+01 -1.44379855e+01]
 [-3.65386978e+01 -1.90494666e+01 -1.44067925e+01]
 [-3.65213834e+01 -1.50692116e+01 -1.35111713e+01]
 [-2.26815377e+01 -1.49170957e+01 -1.22793529e+01]
 [-2.72924201e+01 -1.81251476e+01 -1.48642217e+01]
 [-2.75748674e+01 -1.80836900e+01 -1.40031961e+01]
 [-2.67324621e+01 -1.78645990e+01 -1.43348895e+01]
 [-1.65286388e+01 -1.70895836e+01 -1.38619093e+01]
 [-9.11134625e+00 -1.71713978e+01 -1.38926406e+01]
 [-2.93205605e+01 -1.69585495e+01 -1.40060577e+01]
 [-1.68984905e+01 -1.76696840e+01 -1.42881248e+01]
 [-2.83428681e+01 -1.78546790e+01 -1.40491611e+01]
 [-2.96088139e+01 -1.73503038e+01 -1.41434649e+01]
 [-2.84186907e+01 -1.46590869e+01 -1.39007432e+01]
 [-2.42794299e+01 -2.04127207e+01 -1.55778303e+01]
 [-1.93196586e+01 -1.98819627e+01 -1.48554786e+01]
 [-2.10715509e+01 -1.87881746e+01 -1.47519926e+01]
 [-2.87795655e+01 -1.93083102e+01 -1.47891067e+01]
 [-3.51288295e+01 -1.96905229e+01 -1.46223911e+01]
 [-2.94950895e+01 -1.96128458e+01 -1.51450484e+01]
 [-2.83801937e+01 -1.83923448e+01 -1.46183224e+01]
 [-2.79461572e+01 -1.92702885e+01 -1.48427406e+01]
 [-3.26913038e+01 -1.90220465e+01 -1.47492832e+01]
 [-9.38389303e+00  2.86678011e+01 -3.59950931e+00]
 [-1.11445315e+01  2.43333629e+01 -5.42475476e+00]
 [-1.68751007e+01  2.05028766e+01 -7.36731618e+00]
 [-1.07600803e+01  2.46872372e+01 -5.08756222e+00]
 [ 1.38258505e+01  2.83193656e+01 -7.52125180e+00]
 [ 2.18282710e+01  3.06664804e+01 -9.32585442e-01]
 [ 1.39163819e+01  3.07268594e+01 -3.06251923e+00]
 [ 1.56879026e+01  2.58117661e+01 -7.03289584e+00]
 [ 4.75766647e+01  2.39075021e+01 -5.89778407e+00]
 [ 2.49501014e+01  2.95038925e+01 -8.77408192e+00]
 [ 5.56087579e+01  2.19042897e+01 -7.43665314e+00]
 [ 3.82576932e+01  2.45156339e+01 -3.92849954e+00]
 [-1.19206724e+01  2.44711377e+01 -5.98671018e+00]
 [-8.62615567e+00  2.65064446e+01 -4.60014399e+00]
 [-9.84314782e+00  2.40472561e+01 -5.94969255e+00]
 [-1.33109797e+01  2.42020922e+01 -5.30587324e+00]
 [-7.11385137e+00  2.33379846e+01 -6.26954962e+00]
 [-8.80508313e+00  2.61703652e+01 -4.16859708e+00]
 [-7.83236588e+00  2.69897991e+01 -4.04561234e+00]
 [-1.50516030e+01  1.99663075e+01 -7.41188721e+00]
 [ 7.97529698e+00  2.90902820e+01 -4.09423088e+00]
 [-5.99076749e-02  3.05813692e+01 -2.11754418e+00]
 [-3.88220989e+00  2.67274584e+01 -4.87375059e+00]
 [ 8.29534817e+00  2.08324301e+01 -8.57194303e+00]
 [-1.13016364e+01  2.37380965e+01 -5.56075338e+00]
 [-1.17844104e+01  2.56114939e+01 -4.39928516e+00]
 [-1.20560080e+01  2.17515371e+01 -6.19903158e+00]
 [-1.08795220e+01  2.60396499e+01 -4.32508275e+00]
 [ 2.41121425e+01  4.00949218e+00 -7.47050359e+00]
 [ 1.33274235e+01  5.17372446e+00 -7.17267345e+00]
 [ 4.09685066e+01  2.81682848e+00 -6.38099050e+00]
 [ 3.71157182e+01  5.96153587e+00 -6.19401066e+00]
 [-6.82354446e+00  3.01074290e+01 -2.50202316e+00]
 [-1.35737877e+01  2.41692581e+01 -5.44387716e+00]
 [-4.22567368e+00  2.88681448e+01 -3.36471426e+00]
 [-1.19014468e+01  2.59738709e+01 -4.61590247e+00]
 [ 2.81224028e+00  2.57198086e+01 -4.34524780e+00]
 [-7.55023387e+00  2.68046390e+01 -4.03790176e+00]
 [-6.88209437e+00  2.69656124e+01 -3.91747876e+00]
 [ 6.75303199e+00  2.36235811e+01 -5.05483798e+00]
 [ 1.03494240e+01  2.28773600e+01 -4.35520279e+00]
 [ 1.84225843e+01  2.32854235e+01 -4.94044874e+00]
 [ 8.31499396e+00  2.12573431e+01 -6.17065707e+00]
 [-1.45343183e+01  2.43396748e+01 -5.52554821e+00]
 [-1.19543068e+01  2.32305404e+01 -5.80007021e+00]
 [-1.28162374e+01  2.29116604e+01 -6.64551836e+00]
 [-5.49804971e+00  1.99951490e+01 -7.47860206e+00]
 [-3.85083321e+00  2.27213434e+01 -6.53651406e+00]
 [-1.18809533e+01  2.40216227e+01 -4.79818375e+00]
 [-1.35008631e+01  2.20079997e+01 -6.68801293e+00]
 [ 2.62613026e+01 -7.58365518e+00  1.09450115e+01]
 [-1.62270907e+01 -7.13461054e+00  1.73234257e+01]
 [-1.91753992e+01 -8.70821089e+00  1.30050954e+01]
 [-1.91384085e+01 -8.48906194e+00  1.37257100e+01]
 [-1.00185471e+01 -4.19119770e+00  2.13396470e+01]
 [-1.54176032e+01 -9.21726746e+00  9.49103786e+00]
 [-1.44389154e+01 -6.81274265e+00  1.44518075e+01]
 [-2.28306010e+01 -8.97309195e+00  8.67134000e+00]
 [-1.79408224e+01 -7.88014802e+00  1.21285094e+01]
 [-1.93324378e+01 -8.50127917e+00  1.47648649e+01]
 [-2.65117428e+00 -2.10317986e+00  2.56154658e+01]
 [-9.99221304e+00 -5.11218478e+00  2.00196103e+01]
 [-2.72261508e+00 -2.91777923e+00  2.43806031e+01]
 [-1.59450791e+00 -2.11160172e-01  2.96731822e+01]
 [-2.71701976e+00 -1.47063548e+00  2.75843531e+01]
 [-1.15170663e+01 -5.02839323e+00  1.98861552e+01]
 [-1.20169478e+01 -4.91525210e+00  1.98425707e+01]
 [-9.60251487e+00 -7.00108579e+00  1.45168873e+01]
 [ 4.10585061e+00  9.24685312e-02  1.92058753e+01]
 [-2.18119625e+01 -9.11629945e+00  1.36695464e+01]
 [-3.23533849e+00 -4.26364485e+00  1.85541499e+01]
 [-4.54666433e+00 -3.75173469e+00  1.88583236e+01]
 [-8.54224622e+00 -4.24083219e+00  2.02996848e+01]
 [-5.25074099e+00 -4.73063684e+00  1.71805380e+01]
 [-8.96308406e+00 -4.44444119e+00  2.04747214e+01]
 [-6.11970677e+00 -3.24984989e+00  2.23956424e+01]
 [-1.46297660e+01 -7.14731107e+00  1.45551274e+01]
 [-1.85858405e+01 -8.22653570e+00  6.35191070e+00]
 [-2.37589007e+01 -1.09405908e+01  6.98691910e+00]
 [ 5.75398827e+00 -4.23897269e+00  1.74120541e+01]
 [-2.36444015e+01 -1.04209130e+01  7.23318444e+00]
 [-1.65023013e+01 -7.95611750e+00  1.08985354e+01]
 [-8.77737048e+00 -2.96432027e+00  2.03744536e+01]
 [-1.20552166e+01 -5.57656259e+00  1.38491749e+01]
 [-1.80291576e+01 -7.27842015e+00  1.48403133e+01]
 [-1.19112819e+01 -6.63169194e+00  1.51056186e+01]
 [-2.16334898e+01 -9.44941282e+00  9.20032809e+00]
 [-1.72532206e+01 -8.55819020e+00  1.08661832e+01]
 [-1.58415157e+01 -7.70127106e+00  1.31159776e+01]
 [-1.84206677e+01 -8.92646616e+00  1.25281868e+01]
 [-1.69529349e+01 -6.59403840e+00  1.72712314e+01]
 [-2.19881636e+01 -1.00561551e+01  7.10828854e+00]
 [-9.28084883e+00 -3.93124492e+00  1.76670606e+01]
 [-1.27619283e+01 -4.56547887e+00  1.89223486e+01]
 [-1.25081100e+01 -4.00024235e+00  1.95312031e+01]
 [-8.01453093e+00 -1.85673359e+00  2.56289884e+01]
 [-4.01061008e-01  6.32394075e-01  3.00409410e+01]
 [-4.28517245e+00 -1.64169436e+00  2.45543644e+01]
 [-1.02610422e+01 -5.76106024e+00  1.52073641e+01]
 [-2.14008624e+01 -9.46177936e+00  1.17343399e+01]]