INFORME SOBRE EL PCA.
-------------------------
Ingrese la cantidad de componentes principales (1-234): 7
Eigenvalores
[146.43459481  35.55063991  19.81022509  16.35638523   7.06402315
   3.29785408   1.82746144]
Eigenvectores
[[-0.06510008  0.06390129  0.00735864 ... -0.10442248 -0.18930027
  -0.01981799]
 [-0.06505553  0.06468142  0.00574705 ... -0.10618516 -0.18853773
  -0.02052332]
 [-0.06506986  0.06453648  0.00402528 ... -0.10790749 -0.18912329
  -0.02135227]
 ...
 [ 0.06175685 -0.06480471  0.07049567 ...  0.04038853 -0.07905002
   0.00591146]
 [ 0.06030205 -0.06953341  0.07379247 ...  0.03782366 -0.07807044
   0.01551492]
 [ 0.05905945 -0.07308792  0.07721301 ...  0.03619328 -0.0748521
   0.02697107]]
Porcentaje de Varianza Explicada por cada componente
[63.57291061 15.43390519  8.60038347  7.10093826  3.06676515  1.43172577
  0.79337156]
Componente Principal para eje X = 2
Componente Principal para eje Y = 4
Componente Principal para eje Z = 6
Porcentajes de Varianza X = 15.433905191257905
Porcentajes de Varianza Y = 7.100938255089205
Porcentajes de Varianza Z = 1.431725768672956
Eje X 		 Eje Y 		 Eje Z
[0.14901455]	[6.57222093]	[-2.12545084]
[-3.92871217]	[2.44926415]	[-2.35596947]
[-0.50828786]	[8.44852613]	[-2.14136396]
[-2.68730984]	[6.20252061]	[-1.67276153]
[-0.27662416]	[7.17400522]	[-1.78069696]
[-2.14350687]	[3.96950589]	[-1.44046669]
[0.14589376]	[6.01202222]	[-0.38640555]
[-1.93303951]	[2.58862529]	[0.01022944]
[-0.16348807]	[5.09115951]	[-0.6638857]
[-1.09913269]	[0.848119]	[-0.58443652]
[0.73649255]	[5.88361442]	[-0.43704783]
[-1.09913269]	[0.848119]	[-0.58443652]
[-0.16348807]	[5.09115951]	[-0.6638857]
[-1.93303951]	[2.58862529]	[0.01022944]
[0.14589376]	[6.01202222]	[-0.38640555]
[-2.14350687]	[3.96950589]	[-1.44046669]
[0.00880679]	[6.84461373]	[-1.49322889]
[-0.44013539]	[5.99685732]	[-1.95318051]
[-2.79814342]	[5.41305836]	[-2.2472402]
[-0.37419762]	[4.44173718]	[-3.43681318]
[1.0552603]	[5.86511437]	[-1.12606103]
[0.75259603]	[4.46968949]	[-0.96754166]
[0.87657528]	[4.55047413]	[-0.17868942]
[0.42576206]	[4.89060826]	[0.48421384]
[1.0552603]	[5.86511437]	[-1.12606103]
[-0.37419762]	[4.44173718]	[-3.43681318]
[0.28310615]	[5.23903967]	[-1.75486361]
[-2.24833541]	[3.83757235]	[-1.01428702]
[-1.69969901]	[4.72166123]	[-1.42883214]
[-2.17425144]	[2.79255746]	[-0.31057863]
[-0.83856742]	[4.62252664]	[0.07376042]
[-2.14982209]	[0.02300212]	[-1.02456548]
[-3.05398802]	[-3.38463777]	[-0.73366777]
[-0.62784504]	[3.37865197]	[1.72000549]
[-1.48265699]	[0.42533913]	[-0.32892707]
[-0.41208392]	[4.37601662]	[1.50718785]
[0.80939635]	[5.08673272]	[-0.88491062]
[0.27205426]	[4.55716167]	[1.24470835]
[-0.57964309]	[2.48985017]	[0.04350396]
[1.01762967]	[7.94811968]	[-0.03507197]
[0.19723481]	[5.7772712]	[-1.76396993]
[-2.37455557]	[-0.74720297]	[-0.50957047]
[-1.37309621]	[3.47527496]	[0.24317661]
[-0.83701284]	[3.99528922]	[-0.81878802]
[-0.05706907]	[6.43921381]	[-0.29195536]
[-0.81677338]	[1.92597187]	[0.43261473]
[-0.92684226]	[-1.41759656]	[0.56088524]
[-0.94194975]	[-4.68762264]	[-0.99723334]
[-0.81516067]	[0.95731077]	[-0.69157352]
[-3.51590446]	[-0.00277294]	[-0.87193833]
[-4.59763826]	[0.06468364]	[-0.59163217]
[-0.87631256]	[4.68098798]	[0.85965335]
[-2.67521385]	[-3.90776567]	[-1.13610563]
[-4.24952494]	[-2.83427204]	[-0.10917124]
[0.17997132]	[5.86954583]	[-1.24833615]
[-0.14667983]	[5.05081558]	[1.29355912]
[0.17066156]	[2.74579411]	[0.88921941]
[-1.1089481]	[0.84390466]	[-1.20600852]
[-1.20760681]	[-1.65142472]	[0.02075969]
[-4.1387331]	[-3.31920813]	[1.10459491]
[-3.58114133]	[-3.08010828]	[-1.50549532]
[-0.48464617]	[2.74514265]	[-0.32800115]
[-1.09062215]	[4.3824904]	[0.34024977]
[0.71929138]	[7.15934122]	[-0.7789478]
[-1.10887255]	[0.10826326]	[-0.05471463]
[0.81980653]	[6.74690152]	[0.03160324]
[1.20024624]	[6.99246835]	[0.70921415]
[0.51029903]	[8.01345435]	[0.2472867]
[0.86028443]	[7.44104081]	[-0.00244717]
[0.55565259]	[5.89504788]	[-0.4858533]
[-0.69306862]	[2.78271951]	[-1.96789442]
[0.06305902]	[7.14665114]	[-1.84746578]
[1.51771915]	[9.03037107]	[-1.46271026]
[0.79291541]	[8.6536296]	[-1.83328258]
[0.5654801]	[4.73139783]	[-0.56421219]
[1.62403566]	[5.32258232]	[-3.4839941]
[1.41505077]	[3.85245543]	[-3.8755844]
[1.86094907]	[6.68358797]	[-5.0418392]
[0.40423426]	[6.91287927]	[-2.14736638]
[-0.67827824]	[5.23752822]	[-2.18658029]
[1.5242699]	[8.02117661]	[-0.6815679]
[1.13144357]	[7.2105578]	[2.47116477]
[1.05036814]	[7.17444932]	[2.36826213]
[0.90749448]	[7.18402217]	[0.98844029]
[0.73028803]	[7.52110583]	[-0.51195167]
[0.92152583]	[8.12436493]	[-1.27399823]
[0.60932543]	[8.29673406]	[-0.9047581]
[0.96317598]	[5.09859461]	[-0.24015479]
[1.10630666]	[8.01980762]	[-3.16604996]
[-0.07165098]	[8.64250102]	[-1.35413875]
[-0.65907026]	[6.32377637]	[1.51725201]
[-0.0720907]	[7.07301274]	[0.14472269]
[-1.62571966]	[2.39490219]	[1.10441861]
[-2.89960723]	[-0.18687598]	[1.07182088]
[-1.238867]	[1.81462181]	[-0.72816224]
[-0.43067563]	[1.96573172]	[-0.69466037]
[1.03606189]	[7.17721662]	[-1.74906977]
[1.26212886]	[4.28990465]	[-0.59538512]
[0.52513843]	[4.37814385]	[0.13641968]
[0.69314576]	[6.04662037]	[-0.41555625]
[-0.7510823]	[5.05903123]	[-1.76868314]
[-1.51554178]	[4.2322138]	[-1.85991734]
[-1.83007199]	[2.26031627]	[-1.37439023]
[-0.15521688]	[3.97368454]	[0.59974837]
[0.08285594]	[4.12498437]	[0.55532997]
[-0.27469332]	[4.16280536]	[0.77953648]
[-1.07154497]	[0.8962085]	[-0.02165532]
[0.01217091]	[1.47091771]	[1.38508862]
[-0.34790014]	[2.54301803]	[1.52409559]
[-0.72946366]	[4.2877297]	[0.91842904]
[-1.27739451]	[1.55930762]	[-0.0923431]
[-3.39922265]	[-4.02981591]	[-0.80703601]
[-6.83603686]	[-1.83133499]	[-1.71616916]
[-1.94860296]	[3.24257083]	[-2.24505855]
[0.79820773]	[8.43984304]	[-2.40224857]
[1.20155326]	[8.91125973]	[-1.84916881]
[1.06385128]	[8.53434547]	[-0.84105744]
[0.56096924]	[6.35221211]	[0.29382646]
[-1.52750656]	[2.0829525]	[-1.27520406]
[-1.05138117]	[3.9377738]	[-0.92424197]
[1.00362317]	[7.01885344]	[0.44243426]
[-0.02665268]	[5.9468227]	[1.65931405]
[-0.24596712]	[6.94697968]	[1.13342772]
[0.71076852]	[8.21274119]	[-0.29284356]
[0.08072102]	[6.54992993]	[-0.66342166]
[-0.49627278]	[5.67381267]	[-0.36567533]
[-1.06932715]	[-1.41577878]	[-0.97719891]
[-3.40397215]	[-9.52149956]	[-2.09193499]
[-3.68829403]	[-4.90273982]	[0.58343522]
[-0.21111878]	[3.24607782]	[-0.26763385]
[-0.81658929]	[1.03724972]	[-0.37284661]
[-0.71445823]	[2.92026376]	[0.91375696]
[-1.78458704]	[5.75505967]	[0.01426299]
[-1.84667463]	[3.64205936]	[-0.29495282]
[-5.95942041]	[1.8051908]	[-1.5303198]
[-4.46587722]	[-0.71726665]	[-1.05948031]
[-3.40021607]	[-3.25656412]	[-1.49284291]
[-3.79864212]	[-6.70955712]	[-1.07224211]
[-4.15117428]	[-3.82406743]	[0.02428281]
[-1.82528833]	[0.52648646]	[-0.17209076]
[-2.13678914]	[0.5696319]	[-0.46963785]
[-4.52742315]	[-5.93576738]	[-1.41770975]
[-2.64310058]	[-0.04468597]	[-0.89663555]
[-0.22477112]	[4.48202743]	[0.7748987]
[0.24938405]	[5.21047492]	[0.69998234]
[-1.01349132]	[4.14175226]	[-0.01147106]
[-2.18997716]	[5.35111197]	[-1.8383651]
[-1.3004338]	[7.29738323]	[-1.57421818]
[0.58890139]	[8.20424191]	[-2.1025288]
[0.04760727]	[6.27633616]	[-1.18781967]
[-0.18479073]	[6.81156779]	[-2.06154712]
[-0.66753902]	[8.42981064]	[-1.70984257]
[-0.73448879]	[6.64284867]	[-1.33342787]
[-2.99456955]	[0.4796046]	[-2.10649726]
[-1.48730173]	[-0.5931275]	[-0.64810592]
[-3.52190175]	[-2.86555864]	[-0.78020872]
[-4.30498356]	[-2.6284593]	[-0.45120686]
[-3.82808402]	[-3.2713484]	[0.50648937]
[-0.71808117]	[3.17603573]	[0.34122209]
[0.29986014]	[4.60154017]	[1.89422207]
[-0.47861267]	[3.08107774]	[2.04501266]
[-1.65077334]	[-1.79024128]	[1.13614356]
[-0.57143226]	[1.22143189]	[0.88963716]
[-1.12016147]	[2.50882971]	[-0.53085086]
[-4.26447261]	[-3.7833021]	[-0.43222804]
[-0.66578993]	[3.53052961]	[0.17118443]
[-1.56349555]	[-0.2067938]	[0.06126533]
[-2.2778936]	[-0.36698888]	[0.75015029]
[-1.26784441]	[0.78898197]	[-0.50604851]
[-1.18095425]	[-2.39600585]	[-0.38090362]
[-2.94581929]	[-4.24910718]	[-0.68606708]
[-2.25202672]	[-3.5327063]	[-1.0701707]
[-1.44930863]	[-3.19351412]	[-1.24536745]
[-3.2199047]	[-2.04826877]	[-1.16844477]
[-5.80981669]	[-3.12959895]	[-0.56573318]
[-3.92942517]	[-3.23129376]	[-0.2406024]
[-4.50606069]	[-9.05323054]	[-2.6997444]
[-4.31711348]	[-7.03251269]	[-2.46820545]
[-1.76215103]	[0.71878986]	[-2.84888039]
[0.07567149]	[6.46613532]	[-1.4384325]
[-0.98215893]	[7.16827774]	[-1.28850895]
[-2.90731394]	[-0.36254294]	[-3.11584162]
[-3.60640623]	[-2.26324658]	[-1.84767882]
[-3.63193528]	[1.91750941]	[-2.04172387]
[-0.02500165]	[7.25162225]	[-0.26921543]
[-1.11671748]	[5.25070001]	[-3.12230582]
[-5.07395691]	[-2.42560118]	[-2.22586365]
[-2.64842025]	[-1.53029645]	[-0.14812739]
[-1.43026385]	[5.08807406]	[0.60135911]
[-5.11453647]	[1.73113294]	[0.96786891]
[-4.38795806]	[-8.80018894]	[-1.96027756]
[-1.87556888]	[-7.47167954]	[-1.51916863]
[-2.84225521]	[-5.88110363]	[-1.11829373]
[-1.27259829]	[1.44480904]	[0.78874986]
[-1.94754559]	[-3.9932317]	[-1.33207018]
[-6.72956552]	[-1.56403052]	[0.23768584]
[-6.94768486]	[-1.26447133]	[-2.02467226]
[-6.32336869]	[-0.44180178]	[-1.52674777]
[-7.05360323]	[0.40038106]	[-0.70466913]
[-6.21966508]	[-0.14280694]	[1.64460409]
[-6.01489136]	[1.04327097]	[0.12580874]
[-5.04772225]	[1.54101844]	[1.88884606]
[-5.62222155]	[0.29884585]	[2.35301778]
[-6.02187678]	[-0.5876542]	[-1.54552686]
[-7.03227782]	[-1.25072107]	[-3.09707881]
[-6.74687672]	[0.48207464]	[0.69621977]
[-7.81366894]	[-3.17891398]	[-5.513312]
[-9.95492673]	[-5.44676661]	[-5.40623153]
[-8.02883627]	[-2.5025845]	[-1.57336651]
[-7.81377898]	[-1.75516344]	[-2.09324584]
[-5.93586185]	[-0.57437279]	[-0.36493728]
[-7.23298145]	[0.85545518]	[-0.5217849]
[-7.49389266]	[-0.69408116]	[2.03741624]
[-7.11550236]	[-1.03693113]	[0.57260149]
[-6.66414978]	[-3.36066806]	[2.57846986]
[-7.51349918]	[-1.62655818]	[2.00386315]
[-6.95773318]	[-1.01613379]	[0.92766172]
[-8.43635109]	[-3.38708426]	[-2.06153687]
[-9.13807946]	[-2.82348952]	[0.15549535]
[-9.95069703]	[-4.36509031]	[-4.53417712]
[-7.40888838]	[-2.77259242]	[-2.2744845]
[-6.76443208]	[-0.11288005]	[-0.39930555]
[-6.06899748]	[-2.85273195]	[1.87765765]
[-5.71484021]	[-1.24663605]	[1.4763689]
[-5.91260195]	[-0.60102025]	[2.4338927]
[-6.92500414]	[-1.96499392]	[1.3137895]
[-5.88571321]	[-1.5294317]	[0.84762581]
[-5.52659887]	[1.57889376]	[1.68660049]
[-6.65428384]	[0.04928039]	[0.53454935]
[-7.35886168]	[-1.82031569]	[2.60912098]
[-6.93221381]	[-2.55286278]	[2.71709015]
[-7.43177544]	[-2.558001]	[-0.88810629]
[-7.19975494]	[-1.1703613]	[-1.14976715]
[-8.17156599]	[-2.7504869]	[-3.19404385]
[-7.97137096]	[-2.74933616]	[-3.35517965]
[-6.85828865]	[-0.89077391]	[1.21520147]
[-7.60223956]	[-0.85011868]	[-1.70330838]
[-9.27567115]	[-3.74745128]	[-4.84649374]
[-9.20625473]	[-3.39625009]	[-6.68131589]
[-8.57755549]	[-3.5728572]	[-4.95007316]
[-8.02576957]	[-0.91299804]	[-4.03101007]
[-6.17229983]	[0.10495653]	[-4.23382633]
[-7.15120331]	[-2.12290704]	[-5.09229439]
[-7.82698203]	[-5.58816643]	[-6.30568618]
[-7.36687206]	[-0.28754542]	[0.73743247]
[-4.74912004]	[-6.3411195]	[4.01824281]
[-6.34946443]	[-7.10505119]	[1.36531705]
[-5.90183398]	[-3.22116302]	[0.82247486]
[-5.28093447]	[-1.21267493]	[1.18472224]
[-7.12716401]	[-1.96201787]	[0.7475337]
[-7.54513795]	[-2.87056743]	[-1.96614527]
[-5.59256701]	[0.47867804]	[-0.57265327]
[-5.33827309]	[-1.91638727]	[-1.18675152]
[-5.12035728]	[-4.58068146]	[2.70272939]
[-6.21851237]	[-0.12506125]	[-0.013567]
[-4.87956379]	[-6.63033081]	[3.59584468]
[-5.62562778]	[-7.83664734]	[1.54017067]
[-7.31553249]	[-6.20616149]	[-5.49228759]
[-7.41556186]	[-4.63192065]	[-7.05981969]
[-6.58092256]	[-0.78634712]	[-4.18405891]
[-6.94052273]	[-0.5047]	[1.94258772]
[-7.58145096]	[-0.85015935]	[-0.16515067]
[-7.6111087]	[-1.53991294]	[0.89580178]
[-4.95769216]	[0.91318874]	[2.12028577]
[-6.25183316]	[0.56316621]	[-0.07426464]
[-7.56754845]	[-4.41609406]	[-4.61956098]
[-6.28077469]	[-2.55012517]	[-0.98735459]
[-8.51320541]	[-4.29318545]	[-4.92385473]
[-7.29626451]	[-1.2189092]	[-0.76352526]
[-9.01029088]	[-1.66249509]	[-3.59217402]
[-5.50625945]	[0.84554077]	[2.07101338]
[-6.12445072]	[-0.72533688]	[0.55309171]
[-7.61899743]	[-0.27449426]	[1.83276499]
[-7.80711064]	[-0.42121766]	[0.67085778]
[-7.35550023]	[-0.48691267]	[-0.1528805]
[-6.22647492]	[-0.20827812]	[0.78204751]
[-6.05418735]	[-1.66893089]	[3.2714804]
[-8.31383851]	[-1.88139801]	[-1.38550118]
[-8.74446399]	[-0.50649864]	[0.15647325]
[-9.02205891]	[-0.49540544]	[0.15443385]
[-7.19987216]	[0.93942615]	[0.57647841]
[-5.72036272]	[0.32687441]	[1.50543324]
[-6.60715037]	[0.98730973]	[-0.9621707]
[-7.27571875]	[-0.05083479]	[0.15523774]
[-5.60103303]	[-3.12184595]	[1.90167831]
[-6.39573228]	[-4.85311173]	[1.7873973]
[-8.02802992]	[-0.65286026]	[0.24603193]
[-9.1500472]	[-0.2661454]	[-1.71207703]
[-6.81549766]	[0.94385577]	[3.31461512]
[-7.17634122]	[-0.93905023]	[2.38456815]
[-6.76668825]	[-0.3458747]	[0.57471061]
[-7.09157939]	[-1.83143509]	[1.1027248]
[-6.70569935]	[-0.68262187]	[2.13294233]
[-7.80711064]	[-0.42121766]	[0.67085778]
[-7.35550023]	[-0.48691267]	[-0.1528805]
[-7.22577829]	[0.4440051]	[0.18389515]
[-7.61899743]	[-0.27449426]	[1.83276499]
[-6.83126913]	[1.38216951]	[0.8102895]
[-7.67701945]	[0.15744771]	[0.58923944]
[-7.66013743]	[-1.90683444]	[0.77574367]
[-9.08884451]	[-4.08219522]	[1.52305684]
[-8.58234936]	[-0.83829818]	[2.3914333]
[-7.43221615]	[-0.88165067]	[1.60359451]
[-7.02623142]	[-2.24853555]	[-1.64529868]
[-7.32773]	[-1.50286961]	[-1.50044259]
[-7.18292523]	[-0.74224179]	[0.05564547]
[-8.10412638]	[-3.43809965]	[-0.44726256]
[-7.80008748]	[-1.17734764]	[1.98832713]
[-7.43893893]	[-0.5472711]	[1.54313918]
[-8.34882524]	[-2.25959201]	[1.65355545]
[-8.35964229]	[-2.27458028]	[1.91210956]
[-5.92575038]	[1.33093388]	[1.71098676]
[-6.902218]	[0.54928144]	[2.65613891]
[-8.46237868]	[-5.34643288]	[-0.13187965]
[-9.7267361]	[-2.43629511]	[-3.47543277]
[-9.4512938]	[-1.58739005]	[-2.46159948]
[-8.288626]	[-3.34404712]	[1.24719543]
[-7.10459157]	[-3.75827517]	[-0.63503242]
[-7.29017117]	[-2.43696863]	[0.71437956]
[-6.16649105]	[1.07643273]	[0.60067355]
[-7.30139994]	[-1.50769535]	[-3.66529862]
[-5.07677692]	[-0.10821315]	[1.27233602]
[-4.38525949]	[1.04937025]	[1.21338089]
[-5.55162764]	[1.21991731]	[1.72833123]
[-4.78285277]	[0.93106984]	[2.90720498]
[-5.50681309]	[-0.49951906]	[1.58111489]
[-4.97361047]	[-1.19691937]	[-1.5877216]
[-3.53675216]	[-1.78454687]	[3.76703814]
[-5.45480066]	[-0.03391242]	[2.08893188]
[-8.61195573]	[-1.94075558]	[1.44657171]
[-8.62272827]	[-3.29988556]	[1.54739762]
[-8.23864118]	[-1.18489306]	[-1.1422665]
[-6.30340059]	[0.77190031]	[1.51622274]
[-7.0951999]	[-2.31758185]	[-0.41904735]
[-9.30609593]	[-1.58511348]	[-1.38850542]
[-8.29021094]	[-0.69868067]	[-1.43468384]
[-6.20064969]	[-1.30539353]	[0.17205714]
[-6.18658133]	[-0.47360559]	[-3.70663894]
[-7.2202417]	[-0.64577803]	[-1.16768925]
[-5.85422449]	[1.27987042]	[-0.76818361]
[-5.45867273]	[0.31567011]	[-0.29240797]
[-5.51820234]	[-0.10777883]	[3.88884629]
[-8.68698893]	[0.41036723]	[-2.71135722]
[-7.57911413]	[-4.50006322]	[-0.64536552]
[-7.31591034]	[-1.14959058]	[0.16616802]
[-5.96070825]	[-2.53742265]	[-0.51837855]
[-6.80083714]	[0.41308338]	[-0.40629941]
[-6.51387605]	[0.30185546]	[-1.26019653]
[-7.34930666]	[0.5599787]	[-1.92749166]
[-7.2815355]	[1.69277161]	[0.12408698]
[-6.44917907]	[0.4199487]	[3.14497343]
[-7.52728333]	[-0.2184946]	[1.90274925]
[-9.70956688]	[-6.02731146]	[-0.3956732]
[-7.63182699]	[-4.11382958]	[0.31207344]
[-10.84328121]	[-5.31440089]	[-0.18547679]
[-8.20946958]	[-1.85850807]	[-0.03782194]
[-8.2316165]	[-3.44284497]	[-0.16640074]
[-11.72883154]	[-3.87979292]	[-1.67411117]
[-11.80229668]	[-3.73766058]	[-1.9964836]
[-9.62436977]	[-2.29698884]	[1.90607627]
[-7.92098416]	[-4.67645697]	[1.69721644]
[-7.84174355]	[-5.45711039]	[2.23966937]
[-6.15977967]	[-8.7411957]	[3.41439126]
[-9.71949955]	[0.59702614]	[2.04120145]
[-8.37869989]	[-4.34883369]	[1.69426678]
[-7.96308405]	[-1.8507599]	[-0.281842]
[-3.72293456]	[4.02450005]	[0.51910199]
[-6.84647439]	[1.67147611]	[0.48177521]
[-5.09495332]	[2.30375614]	[1.4405639]
[-9.73626426]	[-1.41557187]	[2.99597759]
[-9.38833125]	[-0.94943672]	[1.79615199]
[-8.66591525]	[-7.56012212]	[1.09599571]
[-7.67407865]	[-3.73488677]	[1.89315135]
[-9.94349673]	[-1.94820787]	[-0.22039279]
[-9.83850573]	[-2.70180804]	[-0.97911655]
[-9.31130931]	[-2.3237281]	[1.56779241]
[-7.67336933]	[1.68678258]	[-1.16465526]
[-6.53888842]	[-1.3651206]	[0.86092798]
[-6.7762588]	[1.23289767]	[0.25167721]
[-3.43483089]	[3.27339564]	[-0.24941987]
[-4.86449089]	[-2.7262567]	[1.66441068]
[-5.18614683]	[0.01941402]	[1.14596441]
[-6.55558652]	[0.71321881]	[2.51170647]
[-7.45537518]	[2.8468576]	[0.47327318]
[-7.45537518]	[2.8468576]	[0.47327318]
[-5.78414611]	[4.62883619]	[2.83326931]
[-4.88567409]	[-1.22758524]	[2.38257373]
[-4.95084142]	[-7.72670049]	[5.23007637]
[-7.00766548]	[2.13205032]	[4.15031473]
[-6.14191681]	[1.09062352]	[2.53580171]
[-4.1429381]	[0.49044575]	[0.78885157]
[-7.77384466]	[-4.0225349]	[-0.40466097]
[-5.75083868]	[-0.40597887]	[2.73925297]
[-5.75083868]	[-0.40597887]	[2.73925297]
[-5.18614683]	[0.01941402]	[1.14596441]
[-6.55558652]	[0.71321881]	[2.51170647]
[-5.78414611]	[4.62883619]	[2.83326931]
[-5.48265153]	[1.62104952]	[1.89167274]
[-3.65501869]	[1.52063599]	[3.08807118]
[-5.88127001]	[0.86774065]	[3.06166014]
[-5.73380504]	[-1.21656914]	[2.05117579]
[-6.17996074]	[1.07408568]	[1.1867743]
[-6.28094544]	[0.98570515]	[2.55374693]
[-1.45606071]	[4.62399402]	[-2.47731118]
[-4.79371698]	[5.45135322]	[2.31757736]
[-4.50930996]	[0.72766469]	[2.10413749]
[-5.73380504]	[-1.21656914]	[2.05117579]
[11.14513289]	[0.19920213]	[-1.61966712]
[7.0203815]	[1.87221298]	[1.379071]
[1.75587944]	[1.27686477]	[1.85830798]
[3.24581627]	[1.83855093]	[1.96249782]
[3.96532392]	[4.07142188]	[1.30177957]
[1.50897175]	[-1.13038107]	[-0.51675761]
[4.37736641]	[5.49225619]	[-2.70918504]
[6.08211797]	[4.55540469]	[-2.57839097]
[7.43051298]	[2.57341676]	[-0.61802534]
[13.96004396]	[-1.01071519]	[-0.83753127]
[10.53597676]	[-3.44298412]	[-1.81913354]
[5.20371602]	[-5.74234277]	[-0.86262965]
[4.89198616]	[-8.14803888]	[-0.38124182]
[11.97911496]	[-9.65661641]	[-0.68472108]
[8.0271766]	[-2.36500466]	[0.25540384]
[6.39346432]	[0.40063739]	[-1.94539983]
[4.74013523]	[-1.67289419]	[-0.45391234]
[5.23070145]	[0.94727642]	[-1.69241241]
[7.04814804]	[-2.75960789]	[-0.846077]
[9.00578079]	[-5.20588119]	[1.37478233]
[3.10585897]	[0.9600582]	[-0.73800316]
[4.79008039]	[-1.093008]	[-0.27902965]
[9.08470552]	[-4.96025613]	[0.55742461]
[5.82386386]	[-4.06693469]	[0.05048268]
[4.0705637]	[0.11400809]	[-0.30873422]
[6.94580229]	[0.39920016]	[-1.88405745]
[5.78610463]	[3.87798557]	[-0.73572047]
[6.6719384]	[-3.76833694]	[0.5897022]
[6.09028048]	[-4.01895097]	[0.46356662]
[10.31700624]	[-8.7729704]	[2.25858923]
[5.66446211]	[-6.04665266]	[-1.95131672]
[9.17761478]	[-5.14400126]	[0.64521962]
[5.49780664]	[-0.46483014]	[-1.05645665]
[4.37205506]	[4.85775999]	[-1.07859684]
[4.46690446]	[3.80256008]	[0.1992326]
[4.97199195]	[3.43481814]	[1.10410977]
[2.83035962]	[-2.64563784]	[-0.72032368]
[3.59075952]	[-6.06263607]	[-1.68752659]
[5.70911471]	[0.22156813]	[-2.69564632]
[3.67883888]	[2.32731727]	[-0.0970054]
[3.39247758]	[1.18034735]	[-1.02338912]
[4.78861399]	[5.06167986]	[0.04517751]
[6.16992798]	[1.7588114]	[-0.74556307]
[4.71750471]	[-0.42463501]	[0.14684498]
[7.8615488]	[0.53957995]	[0.15972794]
[6.64878585]	[-0.90197437]	[0.31650298]
[6.9854075]	[-6.07867579]	[0.66708347]
[1.18023884]	[-4.18794866]	[0.90311579]
[4.13270193]	[-1.52754014]	[0.28454171]
[8.39251383]	[2.39277027]	[0.61956532]
[3.86412665]	[1.45283956]	[1.27392725]
[9.21289385]	[-0.03536303]	[0.34231588]
[3.64334653]	[-5.29410384]	[-0.11417087]
[2.90505415]	[-1.00050286]	[1.01863357]
[3.26071217]	[-2.12278417]	[-0.67016559]
[7.67367085]	[-4.94230359]	[-2.82549881]
[12.5394095]	[-3.80528885]	[-2.80467873]
[9.32912472]	[-3.67501174]	[-1.45364811]
[6.08345251]	[-4.14240824]	[0.50495205]
[7.54427654]	[-5.56036567]	[-0.41320729]
[7.51686614]	[-4.67392534]	[-0.03147914]
[9.02528389]	[-7.29189413]	[-0.96301286]
[12.03214533]	[-10.03244147]	[-4.07259349]
[12.4441383]	[-9.29323467]	[2.38983642]
[14.96321359]	[-3.65774768]	[4.43421515]
[12.11812093]	[-9.74225147]	[0.67246621]
[10.83196088]	[-8.97848762]	[-0.82944785]
[9.93421569]	[-5.71267575]	[-0.3514437]
[3.84481323]	[-8.51069513]	[-1.43054233]
[6.05759373]	[-3.37658345]	[-2.85086263]
[11.21203071]	[-5.4900622]	[-3.12366822]
[8.18278411]	[-1.9146087]	[-0.84168574]
[7.66066328]	[-1.84358368]	[-1.2165502]
[3.13604603]	[-2.64302899]	[-0.6880321]
[13.26953514]	[-9.63098825]	[-6.20397058]
[12.63435554]	[-5.01193884]	[-6.03865892]
[9.56063981]	[-4.37480471]	[-3.0700854]
[8.07378517]	[1.86478985]	[-1.69469038]
[7.71645886]	[3.95799634]	[-0.36936919]
[10.28599818]	[1.69543085]	[-0.96414449]
[13.5719717]	[-4.47216623]	[3.6740838]
[8.55724184]	[-1.11547695]	[1.73044616]
[11.92221716]	[-10.12717393]	[-0.12951639]
[10.42326511]	[-6.37665147]	[-1.01138201]
[7.32472664]	[-1.77137908]	[0.87086968]
[8.08560876]	[-2.29594283]	[-0.08919466]
[8.21919823]	[0.92194429]	[-0.9250885]
[8.56369998]	[-1.07053107]	[0.36888883]
[10.05733981]	[-3.06138331]	[-0.18284346]
[9.9486472]	[-6.85831733]	[0.81299703]
[11.06016182]	[2.45766945]	[-1.60036372]
[10.15026702]	[2.46137278]	[-0.34183974]
[7.99115733]	[-0.53686926]	[-0.9601694]
[7.74292759]	[-3.69754324]	[1.04081215]
[6.90740257]	[-13.1186877]	[4.8085549]
[10.07387729]	[-8.2414852]	[5.4848553]
[7.92991587]	[-2.53018644]	[0.18682608]
[9.14264037]	[-2.71585168]	[-0.30893342]
[4.82768605]	[-3.38026264]	[1.8005871]
[10.73328175]	[-7.7704888]	[5.38097567]
[5.71305309]	[0.97278071]	[1.56353827]
[7.71467973]	[2.31264952]	[-1.35812122]
[8.58751995]	[3.30463695]	[-3.37686293]
[11.3887846]	[-0.84452428]	[-0.97860623]
[9.06545681]	[-4.74729477]	[1.23134227]
[10.70085486]	[-7.43923757]	[0.88672661]
[9.87264748]	[-2.63096943]	[0.17487847]
[7.01848361]	[-5.84982112]	[-2.29664069]
[6.82152618]	[-6.06634609]	[-0.03370199]
[8.92765132]	[-2.687855]	[0.21607538]
[10.21448022]	[-4.68011134]	[0.76942885]
[6.12354425]	[-2.52757587]	[0.25145383]
[6.20314503]	[-3.52921769]	[-1.76501603]
[9.2912921]	[-7.27015135]	[0.16564904]
[5.12583079]	[-0.34323047]	[0.36095935]
[7.26080897]	[-1.00799588]	[-0.35457151]
[8.22473733]	[-6.72894715]	[-0.83410709]
[12.43915106]	[-9.98722014]	[0.21180949]
[8.7678284]	[-7.31447955]	[-1.09817778]
[4.72532208]	[-8.57008334]	[-0.41469403]
[11.0036804]	[-5.6078783]	[1.05312225]
[10.09438219]	[-0.94011353]	[0.9617949]
[3.44084604]	[0.0491044]	[0.13568973]
[2.96509454]	[-1.22643602]	[0.35386771]
[8.10370111]	[4.50913822]	[-1.69768074]
[9.89110472]	[1.21804322]	[-1.20477317]
[9.76589106]	[-4.1632503]	[1.19065969]
[9.38780063]	[-1.9868143]	[-0.7918805]
[11.66832002]	[-2.48293359]	[2.63119201]
[9.43057196]	[2.48158339]	[0.986769]
[7.08502871]	[3.47315287]	[-2.45894716]
[6.77206886]	[2.16907493]	[-0.83154394]
[6.18900686]	[0.51414806]	[0.87077042]
[7.65423585]	[-3.02340629]	[0.31681748]
[6.58520825]	[2.08147053]	[-0.40460829]
[8.28314753]	[-2.22165458]	[1.78685798]
[8.07862289]	[2.91626951]	[-0.66364359]
[8.6243878]	[2.45505741]	[0.41031726]
[7.51707066]	[3.89801056]	[-0.66785543]
[11.50314713]	[-3.15909335]	[2.60867102]
[9.92537195]	[0.23714102]	[2.44004238]
[8.87583865]	[4.84168929]	[-1.4566851]
[6.9898082]	[-0.18961976]	[1.87314587]
[3.42631242]	[2.74617934]	[1.33441798]
[6.27351735]	[0.63275462]	[-0.55249543]
[9.61825429]	[-8.83918353]	[0.33624031]
[9.31863807]	[-6.97702259]	[2.09559686]
[9.05860941]	[-2.71416255]	[-0.69451442]
[10.05953372]	[-3.65641589]	[1.08242565]
[6.98590377]	[-9.86345814]	[2.69698878]
[7.6103797]	[-3.16395351]	[-0.15209795]
[12.41126549]	[-5.80278155]	[-4.45426671]
[6.51779226]	[-4.55722076]	[-4.04618754]
[8.09309707]	[-6.08056182]	[1.29385558]
[7.9829999]	[-0.97504835]	[-0.45851155]
[4.09317062]	[2.61164244]	[-0.8214695]
[4.3490874]	[-2.30391396]	[-0.03025137]
[6.52747778]	[-3.01260809]	[0.27515176]
[6.52747778]	[-3.01260809]	[0.27515176]
[7.87833091]	[-2.86397224]	[0.55591653]
[6.29759047]	[2.04480833]	[-2.83347405]
[5.26716646]	[3.52204263]	[-0.70777023]
[4.38573238]	[1.11889635]	[1.93981968]
[4.72661893]	[-1.21392404]	[-0.98500541]
[3.94524297]	[-3.16615175]	[-2.07625743]
[5.74133223]	[-0.9606869]	[1.2650754]
[9.10040239]	[-0.46168971]	[2.31586302]
[6.35116012]	[2.29950495]	[-0.7112627]
[6.7385161]	[2.46600879]	[-0.88141564]
[7.20537397]	[1.87459736]	[0.95686897]
[9.27286143]	[-3.31556016]	[3.4402361]
[11.45208904]	[-0.46053247]	[1.47980477]
[7.35713724]	[4.38229408]	[-0.51916375]
[8.18371802]	[3.5394285]	[-2.62423858]
[5.59472796]	[-4.46626012]	[1.59260019]
[6.49943774]	[-0.82245831]	[2.61320917]
[8.30542458]	[3.71075859]	[-1.23944918]
[8.54802899]	[4.05024946]	[-2.13101084]
[8.78955858]	[1.10980428]	[-3.0271491]
[8.60174612]	[4.73623535]	[-2.64823758]
[7.35656729]	[4.80142497]	[-3.25704782]
[8.395364]	[4.38451038]	[-1.64539178]
[10.6138064]	[3.08924555]	[-0.95940312]
[9.47615407]	[0.31457945]	[0.33682057]
[6.79260573]	[3.92786946]	[0.56248513]
[10.39085744]	[-0.88825223]	[1.31216643]
[8.35964103]	[-1.14139463]	[2.26088148]
[11.44865565]	[-4.682325]	[2.34411452]
[9.61876495]	[-1.82366188]	[1.30037255]
[8.25249967]	[-3.97466126]	[-1.89132561]
[8.40627942]	[1.60551814]	[-3.09457825]
[3.52076153]	[4.42523197]	[-1.64569859]
[2.39950713]	[1.29393535]	[0.84609065]
[9.28488356]	[2.52552235]	[0.2908844]
[12.78214081]	[-0.14357118]	[0.59637577]
[5.80631884]	[-0.22202897]	[-0.62937276]
[8.2008892]	[-4.28519044]	[-0.01407841]
[6.99330765]	[1.70057619]	[-1.73586576]
[8.49481601]	[4.58281033]	[-1.05877605]
[6.78953815]	[3.28975277]	[-1.83745336]
[5.56385171]	[4.74233815]	[0.35161377]
[3.4139835]	[1.81387254]	[1.88288325]
[6.93225367]	[1.47851438]	[-0.92952983]
[9.70787474]	[-5.77223823]	[1.20710102]
[5.47426278]	[-5.66358907]	[0.51912686]
[0.82630768]	[2.2139859]	[1.50433749]
[8.4043917]	[0.54565808]	[-1.92931496]
[10.16063574]	[2.28925483]	[-1.65862663]
[8.96737361]	[3.33069641]	[1.02042143]
[6.71776282]	[4.25044618]	[0.99463966]
[8.72227291]	[1.08896894]	[-1.26992963]
[9.79623225]	[-0.54103609]	[-0.66572761]
[6.88427476]	[3.09993336]	[-0.34776588]
[7.22694613]	[-2.34166912]	[0.76770793]
[-0.04975243]	[1.29049151]	[1.1333584]
[-0.5055502]	[0.403062]	[-0.27883255]
[-0.61966245]	[3.09273377]	[0.96630989]
[-0.59660277]	[1.09701507]	[0.68407339]
[-1.33049836]	[0.12340097]	[0.6296776]
[-2.01697408]	[-0.36742925]	[-0.31367308]
[-0.77070068]	[1.93261719]	[-0.13818066]
[-1.23183172]	[-0.81435307]	[-0.47861027]
[-0.96115412]	[-1.01691405]	[-0.51590654]
[-0.24270785]	[0.28478085]	[0.23589272]
[-1.36222108]	[-0.7219464]	[-0.33945465]
[-3.14855944]	[-6.4125986]	[0.65526927]
[0.39336266]	[-1.66061444]	[1.41998628]
[-0.07923672]	[-2.35394217]	[1.09827941]
[-1.75265238]	[-7.1446808]	[-0.80631068]
[0.77331209]	[1.06769791]	[2.80700657]
[0.11307637]	[-2.66952847]	[-0.43149797]
[0.03212755]	[-5.1816827]	[-1.46344484]
[1.1038753]	[-0.19486272]	[1.33524773]
[1.74078952]	[0.09833861]	[1.68395338]
[0.60678671]	[-1.14205988]	[1.235576]
[-0.13964798]	[-3.47900599]	[0.26120637]
[-3.94876698]	[-4.63550265]	[0.06257334]
[3.01728205]	[3.26610366]	[0.30099537]
[-1.84227169]	[-6.49219726]	[0.61791981]
[-0.03351771]	[-2.65566458]	[0.32840428]
[-0.85161408]	[-3.64156766]	[-0.30036281]
[0.29379473]	[2.55157169]	[2.69988965]
[-1.88828034]	[-6.31277246]	[-0.47124712]
[-1.54826656]	[-7.43935375]	[-1.1488562]
[1.31627861]	[-2.82406913]	[-0.12930655]
[1.45294703]	[1.37911003]	[2.74192624]
[3.12858458]	[2.4679006]	[1.40676422]
[1.61195057]	[-0.11495046]	[1.39220174]
[2.29849814]	[2.88732866]	[2.20269485]
[2.57519436]	[3.94169581]	[1.98871186]
[2.3122957]	[5.70526871]	[1.01351068]
[2.35845213]	[5.09435152]	[-0.30405311]
[1.02780491]	[0.88473987]	[0.01591122]
[1.04955475]	[0.44254718]	[2.06608581]
[2.63130416]	[3.94487599]	[0.41698968]
[2.02174239]	[3.57017683]	[1.32467218]
[-0.0091241]	[-2.36630894]	[0.68533505]
[2.54909158]	[5.90365329]	[2.3826308]
[2.55259064]	[5.79920072]	[1.63841052]
[0.51287824]	[1.43912696]	[1.01413441]
[1.93380073]	[6.78502466]	[1.72717162]
[-0.0642253]	[-0.99027276]	[0.69580911]
[1.54106894]	[1.20732117]	[2.1952256]
[1.04955475]	[0.44254718]	[2.06608581]
[1.02780491]	[0.88473987]	[0.01591122]
[2.35845213]	[5.09435152]	[-0.30405311]
[2.3122957]	[5.70526871]	[1.01351068]
[0.19308886]	[2.13405156]	[2.40180938]
[1.5937638]	[0.04572219]	[1.15677129]
[2.44985507]	[4.1885818]	[1.38761571]
[0.55628267]	[-1.39864537]	[0.17590583]
[1.96975758]	[3.92632829]	[2.13345407]
[1.92355731]	[1.97191105]	[2.38824566]
[0.81893048]	[-1.65474847]	[1.05849436]
[1.92364138]	[3.50229187]	[2.6703291]
[2.28624308]	[5.32205116]	[1.82212564]
[2.27568492]	[4.57803448]	[1.1937907]
[1.32771274]	[1.57517336]	[2.12048952]
[2.84368206]	[5.15277576]	[0.03649793]
[2.69132784]	[4.72360434]	[2.13716462]
[2.57564227]	[3.35577045]	[2.71020696]
[2.72100425]	[4.23020184]	[1.67670754]
[3.16644932]	[5.91302727]	[3.20532591]
[2.26701148]	[2.17251427]	[2.31185799]
[2.18884629]	[4.11037781]	[2.67480973]
[2.57011315]	[4.71229109]	[3.08881051]
[2.26795369]	[1.08337961]	[2.19854481]
[3.14470134]	[2.74434291]	[2.05655336]
[2.08495177]	[2.66091383]	[2.11148276]
[2.17877356]	[2.98824114]	[0.82802589]
[2.71499441]	[5.55928719]	[0.55028097]
[2.50608988]	[4.69200766]	[0.7790081]
[2.4803537]	[4.9736787]	[2.63125432]
[2.78974952]	[6.23782205]	[1.69258711]
[2.00156742]	[5.23692787]	[1.8048342]
[0.11308616]	[-0.671799]	[2.18993126]
[0.14560266]	[3.01492553]	[3.8560733]
[0.57699394]	[1.49636101]	[0.68856543]
[-1.46972215]	[-4.32132802]	[0.52922763]
[-0.63906182]	[0.16402768]	[2.41381935]
[1.41469622]	[2.6340701]	[2.53482442]
[0.99871984]	[0.98724571]	[2.67447945]
[0.73942255]	[1.80208796]	[3.282704]
[1.19091259]	[2.75211666]	[2.63251828]
[-1.28797729]	[-7.54954912]	[-0.4287337]
[-0.83657598]	[-7.82027782]	[-1.81178163]
[0.61548529]	[-3.46179989]	[-0.93449751]
[0.84338768]	[0.02491304]	[1.40952483]
[0.51873975]	[-0.71952576]	[0.76956027]
[-0.65257553]	[-7.19679111]	[-1.44298797]
[-1.59732857]	[-9.7622615]	[-1.96579732]
[0.09096031]	[-4.63822337]	[-0.44083162]
[0.60857798]	[-3.65640244]	[0.90314362]
[-2.93875374]	[-5.41640471]	[1.7429081]
[-0.40474335]	[-5.31674735]	[1.15611838]
[0.44699354]	[-1.80417104]	[0.90083818]
[0.22688612]	[-0.35953888]	[1.69060881]
[-0.82632471]	[-6.43679987]	[-0.6020266]
[-0.26355515]	[-3.15173055]	[0.85330785]
[-2.35251488]	[-8.82524684]	[-2.01980322]
[-0.08712314]	[-1.33608063]	[0.39753426]
[0.27238071]	[2.62009509]	[2.26009018]
[0.86043377]	[2.84940704]	[2.39847852]
[0.95297939]	[-0.10175964]	[1.67157963]
RESULTADO PCA
[[ 0.14901455  6.57222093 -2.12545084]
 [-3.92871217  2.44926415 -2.35596947]
 [-0.50828786  8.44852613 -2.14136396]
 ...
 [ 0.27238071  2.62009509  2.26009018]
 [ 0.86043377  2.84940704  2.39847852]
 [ 0.95297939 -0.10175964  1.67157963]]