INFORME SOBRE EL PCA.
-------------------------
Ingrese la cantidad de componentes principales (1-233): 7
Eigenvalores
[78.0515509  69.33762254 27.40730631 16.88576022  6.54563853  5.07100979
  3.46085731]
Eigenvectores
[[-0.04010555 -0.03239269  0.0579946  ... -0.06075426 -0.01751627
  -0.17455837]
 [-0.02065565 -0.0104857   0.06101467 ... -0.06091999 -0.02890329
  -0.18616944]
 [-0.01348254 -0.04200343  0.0599349  ... -0.07728318 -0.05636759
  -0.20921347]
 ...
 [ 0.09143105 -0.01597195 -0.03747109 ...  0.00865686 -0.07970783
  -0.12811734]
 [ 0.08468313 -0.02195029 -0.03586206 ...  0.03499896 -0.08106863
  -0.14797604]
 [ 0.07783806 -0.02314383 -0.03904179 ...  0.05484235 -0.07995713
  -0.14242725]]
Porcentaje de Varianza Explicada por cada componente
[37.7498776  33.5353588  13.25562973  8.16685093  3.16581862  2.4526098
  1.6738545 ]
Componente Principal para eje X = 1
Componente Principal para eje Y = 2
Componente Principal para eje Z = 3
Porcentajes de Varianza X = 37.749877604289814
Porcentajes de Varianza Y = 33.53535879716782
Porcentajes de Varianza Z = 13.25562973222877
Eje X 		 Eje Y 		 Eje Z
[-3.33613264]	[13.76282909]	[-5.48228254]
[-5.01493764]	[7.24921775]	[10.05262214]
[-2.94641954]	[12.24933493]	[-0.89351658]
[-3.73705319]	[6.68134635]	[10.73506004]
[-2.32743973]	[13.17961104]	[-6.12820018]
[-3.6306014]	[10.41580865]	[1.57109817]
[-1.87279784]	[12.89481294]	[-5.50024081]
[-4.04755938]	[9.15828984]	[2.39527868]
[-2.39804606]	[12.08630162]	[-3.61254541]
[-5.64396305]	[10.6027801]	[3.73958066]
[-2.19129291]	[11.78631103]	[-3.71580984]
[-5.64396305]	[10.6027801]	[3.73958066]
[-2.39804606]	[12.08630162]	[-3.61254541]
[-4.04755938]	[9.15828984]	[2.39527868]
[-1.87279784]	[12.89481294]	[-5.50024081]
[-3.6306014]	[10.41580865]	[1.57109817]
[-3.01955465]	[11.55693008]	[-1.0181206]
[-3.09838012]	[13.61781784]	[-3.242971]
[-4.69730572]	[10.26236597]	[5.04991011]
[-4.79095104]	[12.34631072]	[-0.0409552]
[-1.58198815]	[12.47399241]	[-5.80676192]
[-2.70990298]	[12.38247633]	[-1.71267435]
[-2.07266974]	[11.59226684]	[-2.00451618]
[-1.70328934]	[11.78804031]	[-6.18946296]
[-1.58198815]	[12.47399241]	[-5.80676192]
[-4.79095104]	[12.34631072]	[-0.0409552]
[-2.26889704]	[12.33815965]	[-5.05486366]
[-3.77431009]	[10.46546987]	[1.78297366]
[-3.46754941]	[12.47924759]	[-1.53150705]
[-3.93221788]	[12.04707242]	[0.34238317]
[-3.07767967]	[12.47140971]	[-2.07523974]
[-6.19740465]	[10.37533099]	[4.89109562]
[-7.01641993]	[8.08386663]	[8.96202441]
[-2.51456525]	[10.26193996]	[-2.92038409]
[-3.52852275]	[11.50633649]	[-1.84083509]
[1.92885]	[6.27299138]	[-6.11338385]
[-0.27205277]	[5.52425696]	[-4.75247044]
[-0.97897338]	[7.04102146]	[-4.55785669]
[-3.56112161]	[11.89080579]	[-3.59905795]
[-0.51269212]	[11.26058278]	[-8.98203453]
[-3.02707889]	[10.58754679]	[-3.75642933]
[-5.36379863]	[9.67607186]	[4.97083415]
[-3.10215291]	[12.94806062]	[-3.39949489]
[-2.93798098]	[13.2561539]	[-5.28380499]
[-1.45136552]	[12.70565862]	[-8.3404528]
[-3.53651905]	[9.88750602]	[-2.21054313]
[-3.95193212]	[8.22655329]	[0.13790834]
[-8.12801305]	[7.31902577]	[6.82506484]
[-5.26382682]	[10.61339066]	[0.53932045]
[-5.54010334]	[7.9974958]	[9.17125471]
[-4.27549189]	[7.97065603]	[8.09809586]
[-2.07499024]	[10.24697401]	[-4.39929172]
[-7.6156008]	[9.32046282]	[7.13427192]
[-5.09453406]	[6.7782591]	[9.9170014]
[-1.45829213]	[10.12677892]	[-6.32233307]
[-1.12078266]	[10.32995762]	[-6.60807211]
[-2.63084715]	[11.91174961]	[-5.77545831]
[-4.74107159]	[11.70214628]	[-0.66182768]
[-4.86718846]	[8.85174225]	[1.92637987]
[-4.09997616]	[4.85328186]	[11.89264131]
[-7.75463525]	[9.78159759]	[10.93159689]
[-4.11756657]	[14.18491779]	[-3.81548433]
[-2.29697842]	[9.5052807]	[-0.54633137]
[-1.44407692]	[9.756741]	[-6.49853573]
[-4.27656044]	[8.93454918]	[1.55556864]
[-2.45200092]	[15.9418679]	[-8.2823421]
[-1.41073806]	[14.70077167]	[-9.46902541]
[-0.90936531]	[14.48525096]	[-10.92366596]
[-1.26730227]	[15.25795891]	[-11.19642733]
[-3.0701449]	[16.21138057]	[-8.10732322]
[-5.81334976]	[16.78133593]	[-4.48622343]
[-3.39666699]	[16.49790911]	[-8.07384601]
[-1.80223803]	[15.28907966]	[-8.92121503]
[-1.24773095]	[15.33476488]	[-9.10881294]
[-1.05033176]	[13.30612389]	[-5.19815785]
[-2.26140906]	[14.76835876]	[-6.61715262]
[-2.80944392]	[15.02808336]	[-6.19302902]
[-2.49901791]	[17.6969067]	[-12.3080937]
[-2.9676717]	[15.81161424]	[-7.81519198]
[-4.69641416]	[15.01525274]	[-3.43662056]
[-1.79042277]	[14.60226889]	[-10.73944755]
[0.3111554]	[14.51147694]	[-13.30760152]
[0.68154568]	[12.68279398]	[-11.78862649]
[-0.16251978]	[12.84711398]	[-10.87721278]
[-1.27892721]	[14.55170143]	[-10.32850021]
[-1.37981711]	[14.64591185]	[-9.64833621]
[-0.55498101]	[12.88528756]	[-8.66073823]
[-1.41442839]	[12.25695386]	[-5.0036488]
[-2.57107566]	[14.33220588]	[-6.2227433]
[-1.73002626]	[13.44567827]	[-5.85670427]
[-1.4346606]	[11.81349084]	[-4.92758931]
[-1.60243369]	[12.5686942]	[-5.91695586]
[-2.46983383]	[12.03849883]	[-1.75943132]
[-3.58464362]	[11.31665485]	[3.01477499]
[-6.31409172]	[13.6500187]	[0.80008965]
[-4.0660471]	[12.97717097]	[-3.45561849]
[-1.57126667]	[13.29128601]	[-8.15323521]
[-1.5101998]	[11.53799757]	[-3.72898722]
[-1.48637259]	[11.64107313]	[-3.1158474]
[-1.78448477]	[13.0855617]	[-7.08478213]
[-4.84989166]	[12.82295301]	[-0.70432636]
[-5.18219529]	[11.25921694]	[2.5051932]
[-4.87123002]	[10.624091]	[1.80242168]
[-2.78628157]	[9.15431126]	[-1.76570919]
[-2.43589819]	[9.87087389]	[-2.79322859]
[-2.13376233]	[11.20910208]	[-5.23335043]
[-4.32111304]	[11.97304538]	[-1.36725739]
[-3.0809356]	[11.49474992]	[-2.93790048]
[-1.24780235]	[11.13726907]	[-5.24860186]
[-1.83515657]	[11.01033531]	[-4.99692573]
[-4.87490812]	[10.79829064]	[0.83871796]
[-6.55281443]	[10.40100726]	[6.99170521]
[-5.43036248]	[5.61716186]	[15.82719423]
[-5.20237942]	[10.8279155]	[3.53151062]
[-1.90026886]	[13.02982692]	[-6.4744217]
[-0.59889556]	[14.14416602]	[-10.43935413]
[0.34189604]	[14.05014464]	[-12.37917155]
[-1.24034926]	[14.76574576]	[-10.13192062]
[-5.86060173]	[16.1814312]	[-3.41521954]
[-4.56894622]	[13.61482243]	[-3.30995135]
[-1.15725362]	[14.21760688]	[-10.61705813]
[-1.17854731]	[15.00812536]	[-10.76552074]
[-1.183934]	[15.08105839]	[-10.07564564]
[-1.2929047]	[14.35400421]	[-9.94571758]
[-2.10270108]	[13.39314208]	[-7.31803681]
[-2.65301111]	[11.03793022]	[-4.00884985]
[-7.1978412]	[10.60427022]	[4.38618611]
[-10.77054442]	[9.91996156]	[14.18048217]
[-5.98091513]	[7.03215765]	[11.57238244]
[-3.95435684]	[8.68200975]	[0.83881602]
[-4.7127818]	[10.6206581]	[-0.11611537]
[-3.3440924]	[11.51996332]	[-2.53154865]
[-3.1014218]	[10.71723843]	[1.00171535]
[-4.52948684]	[12.42350041]	[1.13973711]
[-2.42978962]	[6.95857545]	[8.89989744]
[-5.29131246]	[5.53266401]	[13.05725532]
[-6.93961334]	[5.49693248]	[16.00775574]
[-8.04813478]	[5.95999835]	[15.09110357]
[-6.47643513]	[5.01206394]	[14.33179961]
[-4.54943795]	[6.58833698]	[7.99126809]
[-3.57950569]	[7.25533009]	[4.98179113]
[-7.48574946]	[5.18932549]	[17.54231371]
[-5.76038524]	[5.48333766]	[11.72212723]
[-1.58707266]	[9.10245949]	[-2.64881176]
[-1.60945395]	[11.74324371]	[-4.88797963]
[-3.01981491]	[10.181244]	[0.00158872]
[-3.38336073]	[9.38993354]	[4.38991432]
[-2.24346154]	[10.69549267]	[-0.49186668]
[-1.07440525]	[14.79908127]	[-7.88631354]
[-1.91958761]	[13.73577788]	[-5.41214741]
[-2.52983718]	[14.57301813]	[-5.3819429]
[-1.72320214]	[13.2236287]	[-5.35908416]
[-2.29649734]	[11.9420065]	[-2.59966135]
[-6.31487291]	[10.36646159]	[7.60512119]
[-5.88040916]	[11.88428231]	[2.80121643]
[-4.87583383]	[6.82448999]	[9.7869383]
[-6.33957547]	[2.35561366]	[19.03912986]
[-5.01645727]	[5.81377778]	[12.04050233]
[-2.22957702]	[8.23459577]	[0.64175196]
[-1.12376813]	[8.62852231]	[-2.34286878]
[-2.182291]	[8.02310824]	[-0.40561022]
[-4.7124603]	[8.05574307]	[4.05763286]
[-4.35207345]	[8.71069171]	[2.53275678]
[-4.25539115]	[7.66543116]	[3.69013801]
[-5.84576571]	[7.2113026]	[11.77708594]
[-4.02670601]	[12.90170922]	[-1.51445305]
[-5.84058387]	[11.01099574]	[3.40518358]
[-4.61871849]	[9.45196698]	[3.77297677]
[-5.23583017]	[9.69931537]	[2.40633407]
[-6.34016641]	[7.94522809]	[6.9415185]
[-6.61644903]	[7.57416828]	[8.1495816]
[-7.16701346]	[8.94753253]	[7.7551387]
[-7.1719277]	[7.83403966]	[9.50586373]
[-4.41005062]	[6.47490169]	[9.94750833]
[-5.09491382]	[4.40909662]	[16.29185671]
[-6.96366984]	[5.72742693]	[15.20143103]
[-9.8163621]	[7.8804954]	[17.88539016]
[-10.7803061]	[10.40127158]	[15.16252879]
[-6.47771596]	[12.36492361]	[3.45782435]
[-1.93428219]	[14.2172143]	[-5.75015681]
[-3.07422768]	[12.3804947]	[-0.75851673]
[-8.40496493]	[12.52423285]	[8.2030758]
[-8.82163471]	[12.83263381]	[8.83818028]
[-5.28943603]	[10.71170556]	[6.20690274]
[-0.6905977]	[13.38648105]	[-6.66942643]
[-3.3403965]	[11.53780518]	[-0.33639028]
[-7.74032626]	[7.69639709]	[15.25034168]
[-5.19930011]	[9.77477502]	[6.18792326]
[-2.62353468]	[7.51341647]	[3.27225142]
[-2.63487042]	[2.46373419]	[15.43149889]
[-7.64345159]	[4.43286687]	[20.48273813]
[-10.26799923]	[6.76674125]	[17.78387912]
[-8.62933783]	[7.48900838]	[12.83612786]
[-3.4758843]	[8.06478502]	[1.92132839]
[-8.40475943]	[9.64941708]	[9.91557941]
[12.890346]	[-1.6632779]	[-0.16414677]
[13.52407398]	[-2.02602116]	[-0.52510035]
[13.18920263]	[-2.39591849]	[-0.31325034]
[15.06377429]	[-3.40199148]	[-1.95571432]
[13.44378669]	[-2.02203617]	[-1.25664168]
[13.49232655]	[-2.98076374]	[-1.82757317]
[10.91381017]	[-0.72908587]	[-1.34536342]
[12.03160384]	[-1.69907172]	[-1.48222802]
[12.561699]	[-3.83196742]	[-0.67941266]
[13.42240816]	[-3.1851506]	[-2.02951797]
[13.42836604]	[-2.24228694]	[-1.23923909]
[13.62554338]	[-2.46618001]	[-0.94278101]
[17.72476568]	[-5.52020599]	[-0.59573813]
[13.94643376]	[-2.99873247]	[0.76629772]
[14.26520737]	[-3.58034833]	[0.62922911]
[12.70987444]	[-4.59287023]	[0.65587449]
[14.20858605]	[-4.04205428]	[-1.00684408]
[15.13378743]	[-4.35834542]	[-0.76810104]
[11.69448372]	[-2.49038642]	[1.92122507]
[7.93064783]	[-0.80998449]	[5.66940106]
[11.88417656]	[-2.44726891]	[2.68299703]
[11.75350853]	[-2.49618832]	[1.67995789]
[16.13530505]	[-4.85387905]	[0.45309273]
[16.86865901]	[-4.93655948]	[1.56185394]
[17.93530809]	[-6.10517549]	[0.16027831]
[14.78886346]	[-4.91504303]	[0.30254894]
[12.00382764]	[-2.82908275]	[1.2092244]
[5.65168256]	[-1.33526562]	[7.83597829]
[7.76628104]	[-0.86248031]	[3.44183848]
[9.46414888]	[-1.33009398]	[2.46023489]
[12.55845996]	[-3.68090421]	[4.00893378]
[13.10891898]	[-4.47945418]	[0.39849066]
[11.98382168]	[-2.63369917]	[-2.01695011]
[13.08881353]	[-3.05015887]	[-1.18305029]
[13.1136809]	[-3.12008942]	[1.18603845]
[11.1184668]	[-2.30801352]	[2.82165452]
[14.02079274]	[-3.42726824]	[-0.64663325]
[13.54242568]	[-3.42766946]	[-0.45642529]
[15.77991493]	[-4.10830309]	[-0.92910036]
[14.10527648]	[-2.71078377]	[-1.44991729]
[12.35500269]	[-1.58491149]	[-0.29737255]
[14.77598737]	[-2.49247088]	[-2.62767103]
[15.81773649]	[-3.30873447]	[-1.91302018]
[16.49905782]	[-4.28643086]	[-1.38549984]
[15.86809947]	[-5.17608801]	[-1.27518731]
[15.64566881]	[-3.82075782]	[-2.22255606]
[12.19220632]	[-1.20857967]	[-3.23520239]
[14.80541199]	[-2.31417002]	[-2.69929306]
[13.49891934]	[-2.59095668]	[-0.58109117]
[14.2029009]	[-2.46607573]	[0.52356305]
[11.60848868]	[-4.92062669]	[4.92906776]
[14.20838681]	[-5.87191099]	[2.69640947]
[13.15561138]	[-3.48890417]	[1.60681307]
[10.10104612]	[-0.80417188]	[2.30178566]
[11.56608101]	[-1.01600135]	[1.86803653]
[13.69394209]	[-2.2515505]	[0.31726905]
[9.95892784]	[0.28466485]	[-1.09080627]
[10.84709601]	[-1.70477823]	[0.39236994]
[11.13685622]	[-3.39808587]	[4.43395076]
[11.29896772]	[-1.35798844]	[1.8012721]
[11.56501817]	[-4.43522549]	[5.69094071]
[11.91971497]	[-4.86156179]	[4.55440057]
[13.22667793]	[-3.73871307]	[0.18444145]
[13.75172207]	[-2.07178413]	[-1.92421918]
[12.84371308]	[-1.39099839]	[-3.28575535]
[13.39418626]	[-1.79015981]	[-0.98263026]
[14.62305867]	[-2.6042801]	[-1.02309973]
[14.79093874]	[-2.86659682]	[-1.80504141]
[10.67072338]	[-0.30284169]	[-2.4957831]
[12.3816745]	[-1.29131731]	[-2.98556144]
[14.51872255]	[-2.92685758]	[-1.11136686]
[13.38994964]	[-1.78603177]	[-0.94963659]
[16.17728828]	[-3.15712119]	[-1.54358747]
[13.97232201]	[-1.91955591]	[-1.74511562]
[17.12631724]	[-2.43363836]	[-2.39517794]
[11.81122213]	[0.09486864]	[-2.00946119]
[10.93365996]	[0.08994194]	[-0.34587655]
[13.41513099]	[-1.01455027]	[0.54390501]
[15.75613246]	[-1.5871251]	[-2.20581045]
[15.94835447]	[-2.26890702]	[-1.95604463]
[12.4082106]	[-2.13596962]	[2.30847936]
[13.3790535]	[-3.66202512]	[3.96131413]
[16.84155582]	[-2.70565721]	[-0.32494195]
[16.94827556]	[-2.25985407]	[-1.57805985]
[17.17717022]	[-2.69541045]	[-0.3636885]
[14.27063597]	[-1.29210245]	[-0.52605642]
[11.6797674]	[-0.02740689]	[-1.85228492]
[12.48407481]	[-0.37814521]	[-2.30076606]
[14.34201503]	[-1.30578686]	[-1.91528332]
[5.80080002]	[1.73849967]	[3.87209986]
[4.758413]	[1.09664842]	[7.90689422]
[14.47526155]	[-1.59886719]	[0.18268541]
[17.19395084]	[-2.81137468]	[-0.80729203]
[14.23897748]	[-2.00908466]	[-0.14286313]
[11.84897319]	[-0.7497157]	[2.36025948]
[13.12851727]	[-2.4579485]	[1.89973427]
[12.73327473]	[-1.40478989]	[1.08488623]
[12.64250187]	[-0.05125505]	[-0.55130132]
[15.75613246]	[-1.5871251]	[-2.20581045]
[15.94835447]	[-2.26890702]	[-1.95604463]
[14.34729362]	[-1.79812761]	[-1.66790806]
[13.41513099]	[-1.01455027]	[0.54390501]
[12.71335726]	[-0.73034843]	[-0.00461213]
[13.19131332]	[-0.88947059]	[2.00619558]
[14.56367569]	[-1.96120967]	[2.0910141]
[12.42602403]	[-0.63182079]	[5.0395307]
[16.46959964]	[-2.49644077]	[1.47255897]
[13.80660634]	[-1.51579235]	[1.49345632]
[13.26614719]	[-2.20755071]	[0.26059141]
[14.61951986]	[-2.28454217]	[-1.30424113]
[15.06706994]	[-2.17644966]	[-1.30327895]
[16.50530792]	[-3.46053641]	[-0.06627516]
[14.03293931]	[-1.58826168]	[1.91153694]
[13.77936188]	[-1.22157147]	[0.60039593]
[14.48222367]	[-1.87953414]	[2.34117466]
[13.75451183]	[-1.42151015]	[2.83260685]
[12.17111683]	[-1.25873191]	[-0.57893693]
[11.25080882]	[-1.90444574]	[4.2405826]
[15.9230052]	[-4.93504778]	[1.4766095]
[18.27417644]	[-5.29536027]	[-1.79866857]
[17.76572997]	[-4.37077293]	[-0.53724158]
[13.93746021]	[-3.85072477]	[3.03914866]
[13.55965047]	[-4.21485356]	[2.80740517]
[11.20909199]	[-2.83967477]	[4.736151]
[11.52568332]	[-2.24966013]	[1.22508483]
[13.20415455]	[-3.45157838]	[-0.82283621]
[8.14157094]	[-0.13540899]	[1.40959933]
[7.43106505]	[-0.1936973]	[-0.4846817]
[11.48172795]	[-1.77532936]	[-0.47521475]
[9.9410978]	[-0.27152746]	[-0.88997609]
[9.02100126]	[-0.13373227]	[0.93044383]
[9.79899757]	[-0.86674112]	[-0.9207815]
[9.5041256]	[-2.83445482]	[2.59248064]
[10.98538541]	[-1.25226617]	[-0.14839554]
[16.47791513]	[-2.94390141]	[0.1390611]
[13.77251217]	[-1.87726085]	[2.15140453]
[15.73780777]	[-2.94889162]	[-1.41817622]
[13.13978569]	[-1.34560896]	[-1.76110283]
[14.83682433]	[-2.96325981]	[0.68668646]
[18.38223739]	[-3.62574521]	[-1.28904733]
[16.92512305]	[-2.30884577]	[-2.16244848]
[13.03447483]	[-2.15516371]	[0.28071047]
[11.88066034]	[-1.40376117]	[-0.95796745]
[11.8480332]	[-0.95487476]	[0.39219474]
[12.04062131]	[-0.82581753]	[-2.55492576]
[9.84479759]	[0.31494272]	[-1.29417732]
[8.82356135]	[-1.33338003]	[3.83543564]
[16.40582108]	[-3.12057402]	[-0.06223761]
[14.92815586]	[-3.13331144]	[1.3701007]
[11.95154351]	[-1.09339934]	[1.97643723]
[12.26138202]	[-3.13911073]	[2.41821506]
[13.63923528]	[-2.97173432]	[-0.55995417]
[10.25697291]	[-2.79763071]	[2.46589716]
[13.75937859]	[-3.99860914]	[0.18141551]
[13.64513723]	[-2.77658618]	[-0.93769459]
[12.86283627]	[-1.77538616]	[-0.0596432]
[16.16264867]	[-3.41205399]	[-0.6915406]
[20.15815803]	[-6.95466509]	[1.07333075]
[16.4819329]	[-4.95918701]	[0.47283574]
[20.93538192]	[-7.3976246]	[1.478995]
[14.57939987]	[-3.51593241]	[1.54812926]
[12.11425731]	[-2.23367767]	[5.78874639]
[20.25066912]	[-5.61360949]	[1.71082837]
[22.53899638]	[-6.30184309]	[0.90170699]
[17.62654499]	[-4.44457033]	[1.90000641]
[14.0028967]	[-5.34413635]	[6.53805902]
[17.94524712]	[-6.92488411]	[2.89235116]
[11.67433794]	[-5.3739965]	[7.81239133]
[17.87844625]	[-4.5349038]	[2.41811168]
[13.00706844]	[-3.76594156]	[5.17872515]
[8.53251493]	[-0.39222216]	[6.51423283]
[5.65353098]	[-0.03643323]	[1.93681823]
[11.74042593]	[-2.09514344]	[1.45858556]
[10.02921959]	[-2.25107925]	[2.86725354]
[13.40730774]	[-3.24598752]	[7.67703772]
[16.53677736]	[-3.88785559]	[2.43965635]
[15.64089603]	[-6.48468153]	[5.58466729]
[14.77793004]	[-5.0083074]	[4.30989308]
[15.52101001]	[-2.00893315]	[2.98382963]
[14.54109674]	[-2.04758118]	[4.66008913]
[12.25533973]	[-1.0984886]	[6.66220229]
[14.82733815]	[-0.91030566]	[-2.09660113]
[12.97365972]	[-2.91365656]	[1.43012059]
[12.1006146]	[-1.53865654]	[1.48185485]
[6.21450186]	[2.55947403]	[0.88725778]
[9.29993871]	[-1.6217219]	[3.36012317]
[10.8103551]	[-2.23146122]	[2.16300632]
[10.88496829]	[-1.80973857]	[3.60433768]
[14.15569801]	[-2.86667365]	[0.82579305]
[14.15569801]	[-2.86667365]	[0.82579305]
[11.19899167]	[-2.48133628]	[2.4347807]
[8.26105831]	[-1.70107699]	[3.75417787]
[7.81647163]	[-2.99598231]	[7.80034204]
[12.9104603]	[-1.75872999]	[0.88379254]
[12.35263011]	[-1.54684971]	[-0.70576732]
[8.79855314]	[0.38268934]	[0.91595647]
[14.17941759]	[-2.57140209]	[1.48131494]
[11.93410991]	[-2.60648153]	[3.42262445]
[11.93410991]	[-2.60648153]	[3.42262445]
[10.8103551]	[-2.23146122]	[2.16300632]
[10.88496829]	[-1.80973857]	[3.60433768]
[11.19899167]	[-2.48133628]	[2.4347807]
[6.48734865]	[-0.0923511]	[7.43642246]
[8.46849438]	[-1.76576605]	[4.82574862]
[9.7634049]	[-2.56610511]	[5.61443973]
[7.20073263]	[-0.25739334]	[6.04845317]
[11.35424002]	[-3.2472245]	[2.75280101]
[14.38269245]	[-4.73670887]	[1.21949314]
[2.59398594]	[2.50065265]	[-1.39015455]
[5.38751473]	[0.08045866]	[3.60667298]
[6.81972158]	[1.32585794]	[1.85883307]
[7.20073263]	[-0.25739334]	[6.04845317]
[-8.13520253]	[-9.07102619]	[-5.3934369]
[-4.54221385]	[-4.47850882]	[-4.52503982]
[-2.91903657]	[-0.61960531]	[-1.13699621]
[-2.45628752]	[-0.68131217]	[-2.12176537]
[-1.86974527]	[-2.16038576]	[-5.09523482]
[-5.39911989]	[0.0087298]	[0.81654074]
[-4.49048956]	[-4.95714842]	[-4.53778906]
[-4.94553784]	[-7.50575161]	[-5.18310172]
[-6.38154981]	[-5.98617592]	[-2.61591681]
[-10.23239251]	[-13.09517249]	[-6.40774022]
[-9.68988647]	[-11.90252572]	[-1.61520742]
[-9.06278788]	[-5.27724711]	[3.94604947]
[-10.68943961]	[-5.91105738]	[9.09768717]
[-11.39837868]	[-13.14522216]	[0.27943401]
[-6.17549335]	[-6.84508896]	[-1.8626294]
[-4.58176282]	[-8.98484812]	[-4.1033905]
[-5.82683901]	[-7.18845875]	[2.02695386]
[-4.94825826]	[-5.96056912]	[-3.81725945]
[-6.17247657]	[-7.66352782]	[-4.10161088]
[-7.46241682]	[-8.70151885]	[-0.97237267]
[-3.84609821]	[-4.56550853]	[-0.32754031]
[-3.91861292]	[-4.61341387]	[-0.53161763]
[-6.76913839]	[-7.78094135]	[-0.359297]
[-7.41001062]	[-4.09527686]	[3.28614409]
[-5.14230999]	[-4.42503838]	[-0.56430505]
[-6.03069881]	[-5.35118746]	[-3.56830757]
[-3.9611741]	[-4.40871185]	[-5.13409529]
[-6.8721537]	[-5.29177619]	[-1.02832502]
[-7.04813373]	[-3.88888078]	[0.78024979]
[-9.40451155]	[-9.29718467]	[0.89664931]
[-9.8415961]	[-3.59018207]	[6.20757222]
[-7.78840783]	[-8.32109935]	[0.00925705]
[-3.27064135]	[-8.17952866]	[-3.34062312]
[-1.13411035]	[-7.32792872]	[-5.82867008]
[-2.57412179]	[-4.9103251]	[-4.98500201]
[-2.34849447]	[-3.67234569]	[-3.88110681]
[-5.93157808]	[-2.37570687]	[0.00118262]
[-7.79246098]	[-3.43455679]	[1.74651721]
[-7.53877481]	[-5.09064018]	[-0.30678882]
[-4.25809699]	[-3.38222172]	[-2.30388578]
[-4.80846725]	[-4.89042771]	[-1.48077098]
[-2.90331814]	[-4.20920863]	[-4.89960773]
[-4.53140054]	[-5.54647559]	[-4.64558191]
[-5.06193222]	[-4.13502537]	[0.50024047]
[-6.51478197]	[-6.78697378]	[-0.01873527]
[-5.66602984]	[-9.16073209]	[2.13666702]
[-6.73293008]	[-11.11064519]	[4.65809563]
[-3.17736904]	[-10.16012224]	[8.23078715]
[-2.55005579]	[-10.15054876]	[3.63317577]
[-5.16980814]	[-10.18324325]	[-3.8612938]
[-3.83223759]	[-3.63716382]	[-2.9812848]
[-7.52470805]	[-10.18565258]	[-4.33041101]
[-8.57146327]	[-6.3897693]	[4.02443665]
[-3.96439365]	[-2.19063612]	[-0.34069733]
[-5.57794351]	[-1.97093375]	[0.00128215]
[-8.75703151]	[-7.37877566]	[-2.18091156]
[-10.41477898]	[-15.01341482]	[-6.65558667]
[-8.53308999]	[-14.65110986]	[-6.52382465]
[-7.84914274]	[-10.73501]	[3.35429083]
[-8.69687719]	[-8.52428465]	[0.36566431]
[-8.16529977]	[-6.37238916]	[-2.40523073]
[-11.10726734]	[-14.8824258]	[-3.12012972]
[-15.15658858]	[-24.7392704]	[-7.18825758]
[-13.39105272]	[-26.13958982]	[-8.79174336]
[-14.84759284]	[-28.80026376]	[-15.95891628]
[-12.74830018]	[-19.82189847]	[-6.58620664]
[-11.44649282]	[-16.84092509]	[-2.25859753]
[-9.92221944]	[-14.21632122]	[-0.13757617]
[-9.89085953]	[-4.28708083]	[5.91456063]
[-8.85923243]	[-5.27740619]	[1.03095205]
[-10.27259484]	[-14.69465983]	[-4.1521179]
[-6.74864474]	[-9.00726546]	[-3.38940976]
[-6.76116001]	[-8.18070252]	[-1.51144355]
[-6.46087849]	[-7.24099533]	[3.15345299]
[-12.13036042]	[-19.91007487]	[-9.99013293]
[-10.92500725]	[-16.79570146]	[-8.56369107]
[-8.00733928]	[-9.65983048]	[-5.07647564]
[-5.82325116]	[-7.29297814]	[-6.27346897]
[-4.03367706]	[-6.92899679]	[-6.55763019]
[-7.15341494]	[-10.20993072]	[-7.42946671]
[-11.4998574]	[-21.07205936]	[-13.19607737]
[-8.0992094]	[-14.61006612]	[-9.72892806]
[-11.43859788]	[-13.94797248]	[-3.05922741]
[-8.80124182]	[-9.71231588]	[-2.49856786]
[-6.53587704]	[-9.90202856]	[-6.7356292]
[-6.66122646]	[-8.3928629]	[-3.49845306]
[-6.15526998]	[-7.83883353]	[-4.97341749]
[-7.7809448]	[-7.56972484]	[-0.30135358]
[-9.58476523]	[-10.31350078]	[-3.86198892]
[-9.9272829]	[-13.29622838]	[-1.89027455]
[-8.86466641]	[-12.11030402]	[-5.4955639]
[-7.67994059]	[-11.55340979]	[-2.24075832]
[-7.03085455]	[-10.22781546]	[-0.24985986]
[-6.35049621]	[-11.94414198]	[-0.70626725]
[-7.82133944]	[-15.9654824]	[6.17826874]
[-7.16889391]	[-14.07518454]	[-0.26002418]
[-6.47924921]	[-8.15153833]	[-0.5827553]
[-7.34832747]	[-12.82217516]	[1.65886713]
[-5.5893555]	[-13.12626741]	[5.50372086]
[-7.53007144]	[-16.25128031]	[-0.31050426]
[-4.51224585]	[-7.63357798]	[-2.29224244]
[-5.87973053]	[-10.42164379]	[-3.68963986]
[-8.35272804]	[-11.84897337]	[-1.4845037]
[-8.92493192]	[-11.91183451]	[-1.10115236]
[-9.58802475]	[-15.62405744]	[-3.2815552]
[-11.75610296]	[-14.20197199]	[-3.05264859]
[-9.0793472]	[-8.6329566]	[-2.07996562]
[-8.39775868]	[-9.13240265]	[0.6177236]
[-7.83033579]	[-7.43976876]	[2.02446555]
[-8.4115634]	[-7.67470164]	[-0.30905133]
[-10.05337849]	[-9.25157918]	[0.1088301]
[-8.1164091]	[-6.29877161]	[0.83813908]
[-8.73854641]	[-7.92857737]	[-1.44220335]
[-10.06343494]	[-9.42861154]	[-3.67130494]
[-6.13857875]	[-0.92675705]	[-2.44342615]
[-8.13523836]	[-9.85529427]	[-2.15741708]
[-10.90929554]	[-13.741507]	[1.43713603]
[-12.20978388]	[-15.03050044]	[-0.43598388]
[-11.15233984]	[-10.25104676]	[2.04635201]
[-11.34371209]	[-6.62107448]	[6.29551757]
[-10.44579009]	[-10.05795892]	[-0.61705328]
[-9.22294889]	[-9.10852628]	[1.29689755]
[-6.27752894]	[-5.39624497]	[4.52134489]
[-5.03399143]	[-4.43493335]	[1.55591917]
[-6.91080755]	[-9.12054893]	[-6.20602868]
[-8.71605706]	[-11.20747581]	[-3.46931523]
[-8.95253969]	[-14.36282733]	[0.51303227]
[-9.12156862]	[-13.23968028]	[1.36177236]
[-8.05138787]	[-14.35470375]	[-2.32017863]
[-6.43854491]	[-11.59230645]	[-4.28897317]
[-6.76629289]	[-11.15843605]	[-2.81492278]
[-6.06613055]	[-10.36638541]	[-1.53821704]
[-6.37549783]	[-10.13537574]	[5.12219126]
[-6.77889874]	[-10.25703306]	[-1.06059372]
[-5.55921624]	[-9.52843731]	[-1.56532946]
[-8.20216012]	[-11.00457666]	[-0.01855376]
[-7.54009188]	[-9.04793066]	[-3.65403217]
[-6.01688222]	[-9.77042576]	[-3.84445411]
[-6.03429451]	[-11.25196047]	[-1.64310425]
[-8.92525174]	[-13.88955832]	[-0.70931893]
[-6.93126374]	[-10.30652334]	[-1.52026906]
[-6.76807564]	[-8.19767727]	[-4.16403298]
[-6.66499396]	[-9.71266498]	[0.8096477]
[-5.89593558]	[-8.14399972]	[1.09280108]
[-8.73206395]	[-8.02920048]	[-0.08014933]
[-10.61301994]	[-11.79860757]	[-0.40350153]
[-10.07614401]	[-9.89360876]	[3.06474281]
[-10.46244369]	[-8.67345005]	[4.1054017]
[-9.89624098]	[-11.20306328]	[3.48296997]
[-9.65671735]	[-12.60459813]	[7.52169879]
[-8.99982993]	[-9.30016799]	[2.56318117]
[-12.28523082]	[-20.45515364]	[-7.39323679]
[-9.35976813]	[-10.11508531]	[-1.34710859]
[-8.86125033]	[-8.57296155]	[1.76022958]
[-6.95812806]	[-7.79013897]	[-1.20991663]
[-4.05224197]	[-1.27717269]	[-3.60159053]
[-6.41393636]	[-1.66704154]	[-0.35858356]
[-9.33234259]	[-5.14767401]	[3.99758762]
[-9.33234259]	[-5.14767401]	[3.99758762]
[-9.12035498]	[-9.25576525]	[1.82996185]
[-8.43197125]	[-8.13823276]	[-1.46181189]
[-5.75916258]	[-6.66652897]	[-1.00035251]
[-4.60653818]	[-4.78132891]	[0.20793663]
[-8.43665199]	[-8.6843732]	[4.52638302]
[-9.55077182]	[-9.4759604]	[8.0199676]
[-7.80130934]	[-7.94782073]	[5.54375507]
[-8.66935073]	[-8.5896167]	[0.91740456]
[-5.93909836]	[-6.94984717]	[-1.83029373]
[-8.51501788]	[-7.99492816]	[0.45997783]
[-7.10760896]	[-8.55200813]	[-1.83591564]
[-6.80416828]	[-9.6303421]	[-0.11507807]
[-8.67374576]	[-11.48794731]	[-3.05775855]
[-7.19375588]	[-7.36768261]	[-3.46762426]
[-8.39763969]	[-9.14555764]	[-2.93874882]
[-7.62078126]	[-8.49601735]	[3.27125937]
[-6.02902864]	[-6.00237351]	[-1.31831468]
[-6.96508858]	[-8.63156604]	[-4.7604668]
[-6.99208985]	[-8.87350977]	[-4.54996698]
[-8.21829885]	[-7.24531846]	[-1.57311836]
[-7.22688463]	[-7.23044416]	[-3.17710773]
[-6.7877699]	[-9.23073296]	[-4.33813918]
[-7.27444682]	[-8.32857864]	[-5.61316131]
[-8.06335704]	[-9.01984256]	[-4.75397475]
[-7.54307771]	[-8.06129543]	[-2.57073324]
[-5.83914843]	[-6.58274388]	[-3.21600058]
[-8.95203163]	[-10.26586418]	[0.05199505]
[-7.22453298]	[-10.58787304]	[2.5727903]
[-10.71269412]	[-12.06551891]	[2.45076831]
[-8.356394]	[-10.83740637]	[0.74400288]
[-10.56896742]	[-16.29175539]	[-3.68445789]
[-8.41987419]	[-11.43590301]	[-3.9993616]
[-5.69979528]	[-7.56355971]	[1.04797021]
[-6.48477371]	[-5.70619012]	[5.97381376]
[-7.96551972]	[-10.05775968]	[-3.47183316]
[-10.41209688]	[-13.62353081]	[-4.4686474]
[-8.17178326]	[-7.4701162]	[4.95471645]
[-9.05936724]	[-8.86712332]	[1.07220565]
[-7.0514761]	[-7.99246645]	[-2.5883271]
[-7.16637288]	[-8.52451918]	[-4.2244278]
[-6.69402603]	[-7.4056211]	[-2.26070534]
[-4.75673509]	[-6.5105223]	[-5.33265287]
[-3.98895893]	[-6.69060386]	[0.43471556]
[-7.25335778]	[-8.39184166]	[0.16523098]
[-9.84087369]	[-12.26408881]	[-0.10315118]
[-8.39845162]	[-12.39550251]	[3.85827668]
[-2.37127302]	[-6.96837048]	[5.18668501]
[-9.08198737]	[-11.11223594]	[-2.00233119]
[-7.23039944]	[-11.52204117]	[-5.57226366]
[-5.80059983]	[-7.30113115]	[-3.94994654]
[-5.00802205]	[-7.00687785]	[-4.90281935]
[-7.61095223]	[-8.5400807]	[-2.57222331]
[-8.6211389]	[-8.96889083]	[-3.18977514]
[-5.53156231]	[-5.87745943]	[-4.04822077]
[-7.34388111]	[-7.17253402]	[-0.41935781]
[-3.16438653]	[10.48120481]	[-4.68243759]
[-4.74294167]	[12.96129777]	[-4.10740307]
[-2.37055442]	[11.83477985]	[-6.02520881]
[-3.40306769]	[11.8776821]	[-4.74534789]
[-2.22785726]	[9.74778973]	[-3.16484385]
[-3.56360786]	[11.18687629]	[-1.23953148]
[-3.63719801]	[12.45927129]	[-4.32683738]
[-4.82780556]	[11.62373683]	[-1.39530603]
[-5.3635933]	[11.67351662]	[-1.47625363]
[-3.92832744]	[10.23411322]	[-2.89773195]
[-5.37864024]	[11.1468839]	[0.42082382]
[-6.05408714]	[1.28915262]	[14.10855376]
[-4.48382343]	[3.3981267]	[2.51501031]
[-5.55423415]	[3.27982488]	[4.03029112]
[-8.50495627]	[3.78764732]	[11.01396404]
[-2.17921714]	[3.67778201]	[-1.42578272]
[-6.03027312]	[4.87616104]	[1.77760647]
[-8.6532747]	[5.14790788]	[6.34370598]
[-4.34262036]	[3.73415072]	[0.45220482]
[-4.20634092]	[3.42454392]	[0.36605451]
[-4.48201184]	[0.42439292]	[2.97790618]
[-6.25566814]	[1.92956405]	[6.25814888]
[-4.06483632]	[-2.74866115]	[13.51646971]
[-3.23641071]	[-0.44283183]	[-1.24349746]
[-5.96598094]	[0.77034424]	[13.18386236]
[-3.83396584]	[1.70053127]	[1.76522291]
[-5.48335586]	[5.75737261]	[3.34451449]
[-0.93993914]	[3.13530052]	[-2.00557766]
[-6.99481079]	[3.77169167]	[8.65423527]
[-8.15106132]	[4.75550303]	[9.48689114]
[-6.85821385]	[4.46202115]	[2.49684288]
[-2.0457712]	[3.78062932]	[-2.44444782]
[-3.27022118]	[2.03622025]	[-3.99515502]
[-3.62553273]	[3.50991621]	[-2.31739447]
[-1.80047212]	[1.6673845]	[-5.16996723]
[-1.13901144]	[0.63454063]	[-6.10721144]
[-1.65972768]	[0.27566841]	[-6.19092236]
[-3.62183567]	[1.02006897]	[-4.83189956]
[-4.52981855]	[2.77567325]	[-0.21362846]
[-3.57224555]	[1.94594744]	[-0.45383379]
[-4.53221681]	[1.74297314]	[-2.60452121]
[-4.06569019]	[2.65216788]	[-1.07216088]
[-6.939541]	[2.38119996]	[7.54147951]
[-2.26849053]	[2.22091591]	[-4.54764684]
[-1.83228574]	[2.20683351]	[-5.98249405]
[-3.54224122]	[2.59632083]	[-0.90019559]
[-1.27368485]	[2.67870384]	[-5.19334217]
[-5.70666081]	[3.76965092]	[4.52463279]
[-3.18772096]	[3.01651499]	[-1.7689329]
[-3.57224555]	[1.94594744]	[-0.45383379]
[-4.52981855]	[2.77567325]	[-0.21362846]
[-3.62183567]	[1.02006897]	[-4.83189956]
[-1.65972768]	[0.27566841]	[-6.19092236]
[-3.14662448]	[-0.36959128]	[2.63437186]
[-3.95904082]	[0.49310521]	[-0.46745266]
[-1.85010891]	[0.03963928]	[-4.58240288]
[-4.55850455]	[1.47279123]	[2.06333302]
[-0.68465799]	[1.51236935]	[-4.96358001]
[-1.80685574]	[1.97458308]	[-3.92467935]
[-4.13108512]	[1.40014414]	[0.66002398]
[-1.40059584]	[1.47414807]	[-3.97755605]
[-0.75798961]	[1.68414875]	[-6.12529479]
[-1.27258164]	[1.11121009]	[-6.34721553]
[-2.44798051]	[3.91867079]	[-1.74765015]
[-2.35060484]	[1.78977854]	[-5.70903728]
[-1.9387593]	[2.16342493]	[-4.7115095]
[-2.00645858]	[2.48724449]	[-4.42977476]
[-2.53982492]	[2.40825768]	[-4.82070585]
[-0.95032757]	[0.49564552]	[-5.68894601]
[-1.82694443]	[-0.28460297]	[-2.35724168]
[-0.19578869]	[-0.27745174]	[-4.8026089]
[-0.72984825]	[1.08269819]	[-4.92729544]
[-3.64777849]	[1.76496356]	[-1.11673714]
[-3.40867461]	[-0.10109832]	[-3.40886657]
[-2.92798025]	[0.78693145]	[-3.30350833]
[-3.44518324]	[1.62374234]	[-3.28260337]
[-2.3515029]	[-0.37699913]	[-5.81209939]
[-1.9454889]	[-2.23626144]	[-5.69933104]
[-0.46075397]	[-1.36401279]	[-6.84510004]
[-1.78062105]	[0.76870557]	[-6.44146526]
[-1.38841013]	[2.32713471]	[-5.32257655]
[-3.8153818]	[1.45836016]	[1.79494457]
[-1.32286115]	[-1.23705586]	[0.89865166]
[-4.30334396]	[2.26749936]	[0.72257055]
[-6.24302479]	[3.93177685]	[7.29407012]
[-2.84628956]	[2.59808012]	[2.44860708]
[-2.02603033]	[3.05537596]	[-2.88590904]
[-1.2013348]	[3.00410396]	[-3.66299311]
[-0.61052324]	[3.21239622]	[-2.9989634]
[-1.02694697]	[3.58699092]	[-3.95546463]
[-7.03250682]	[2.05628685]	[10.24058948]
[-9.68747999]	[3.74228511]	[10.62328181]
[-7.91178811]	[5.83471365]	[4.07502598]
[-2.67772775]	[3.72270493]	[-1.5961491]
[-3.62017281]	[3.33047586]	[0.54492701]
[-10.26701975]	[4.63902241]	[13.21120156]
[-10.62229684]	[3.545335]	[15.77334535]
[-6.64854389]	[4.13913142]	[5.41007939]
[-6.11053594]	[2.8474319]	[6.30587158]
[-4.57266631]	[-0.96426833]	[13.37569346]
[-6.45489289]	[1.80577982]	[11.68961615]
[-4.42346813]	[3.92901443]	[2.15734307]
[-3.87559117]	[3.73557799]	[2.15223456]
[-9.12694484]	[5.19727976]	[11.09993494]
[-5.0368182]	[4.63039692]	[2.81433512]
[-8.07395538]	[6.0359697]	[10.2006386]
[-5.22329696]	[5.74737366]	[2.91695129]
[-0.82806197]	[4.17528603]	[-3.0076794]
[-0.48868757]	[2.97720212]	[-3.85064036]
[-3.8230516]	[3.51010663]	[1.60205981]
RESULTADO PCA
[[-3.33613264 13.76282909 -5.48228254]
 [-5.01493764  7.24921775 10.05262214]
 [-2.94641954 12.24933493 -0.89351658]
 ...
 [-0.82806197  4.17528603 -3.0076794 ]
 [-0.48868757  2.97720212 -3.85064036]
 [-3.8230516   3.51010663  1.60205981]]