INFORME SOBRE EL PCA.
-------------------------
Ingrese la cantidad de componentes principales (1-232): 8
Eigenvalores
[65.88377402 41.27484557 15.52064443 14.58090965  7.70159109  4.03432876
  3.65769732  2.68334649]
Eigenvectores
[[ 0.02804686 -0.00302191  0.00175604 ...  0.02708599 -0.04498587
  -0.02209279]
 [-0.01892909  0.04382615 -0.03184153 ...  0.00549013  0.07964153
   0.04928187]
 [ 0.02542858 -0.0191201  -0.01033249 ... -0.01781166  0.04794033
  -0.0956432 ]
 ...
 [-0.02031667  0.00912552 -0.0004807  ... -0.01042097 -0.08137602
   0.00899444]
 [-0.02420482 -0.02339008  0.03966829 ...  0.03028697  0.09631701
   0.01190858]
 [-0.01406483 -0.02839693  0.02534062 ... -0.07890024 -0.0805847
  -0.02029506]]
Porcentaje de Varianza Explicada por cada componente
[42.41340812 26.57113829  9.99158649  9.38662183  4.95798444  2.59714375
  2.3546831   1.72743397]
Componente Principal para eje X = 4
Componente Principal para eje Y = 7
Componente Principal para eje Z = 8
Porcentajes de Varianza X = 9.386621834583195
Porcentajes de Varianza Y = 2.3546831025137287
Porcentajes de Varianza Z = 1.727433974671944
Eje X 		 Eje Y 		 Eje Z
[3.58895998]	[-0.25889361]	[0.79790817]
[7.73557074]	[1.00861455]	[-0.79031134]
[7.88177033]	[-1.32511733]	[1.76402861]
[8.91384294]	[-2.58201978]	[0.78876145]
[4.60490598]	[-0.08343534]	[0.32784987]
[3.34301624]	[3.51655205]	[-0.85842191]
[0.0107983]	[2.71563109]	[-1.16890863]
[0.84789296]	[0.18376273]	[-1.00801403]
[0.95174846]	[-1.29001002]	[1.25559364]
[0.14806505]	[1.63219809]	[-0.46074541]
[1.27189099]	[-1.34557408]	[0.21817928]
[0.14806505]	[1.63219809]	[-0.46074541]
[0.95174846]	[-1.29001002]	[1.25559364]
[0.84789296]	[0.18376273]	[-1.00801403]
[0.0107983]	[2.71563109]	[-1.16890863]
[3.34301624]	[3.51655205]	[-0.85842191]
[4.15105383]	[-1.1875847]	[1.72954952]
[3.01443255]	[1.78014923]	[0.11127164]
[4.72193181]	[0.59082794]	[0.81519119]
[3.54214873]	[-3.05845783]	[1.31488688]
[1.30905518]	[-1.33599531]	[0.16738434]
[3.67006072]	[-0.27153422]	[-1.3548893]
[1.97398871]	[-3.41646618]	[0.42663966]
[-1.72923626]	[0.63823071]	[-0.2701872]
[1.30905518]	[-1.33599531]	[0.16738434]
[3.54214873]	[-3.05845783]	[1.31488688]
[1.11212541]	[-1.40096405]	[0.81771391]
[2.5396032]	[-0.66117673]	[1.93229959]
[1.242478]	[-0.56884845]	[1.92618614]
[1.21894634]	[0.40261142]	[1.23546516]
[-0.0888137]	[2.05069438]	[0.47049013]
[1.2775154]	[2.64023611]	[-1.04478704]
[1.22088094]	[0.21558865]	[-0.21819932]
[-3.27390662]	[1.88864414]	[-0.76378409]
[-2.88891644]	[2.03518451]	[0.05563662]
[-5.37579363]	[-1.53747513]	[0.59565913]
[-3.02182455]	[-1.72180372]	[0.26853187]
[-5.2132075]	[0.15499114]	[0.2903402]
[-3.16661234]	[1.82236284]	[1.39649803]
[-0.95423681]	[-1.21419108]	[-0.90050078]
[1.87913551]	[-2.50658745]	[0.8387328]
[2.16771831]	[-0.92938572]	[0.56598692]
[-1.14912922]	[-0.26737588]	[0.75294024]
[-0.04088433]	[0.0271144]	[0.45534885]
[-1.16376655]	[-0.49405693]	[-0.14861225]
[-4.1295423]	[1.06803355]	[-0.56816674]
[-5.21369337]	[1.13366949]	[-0.59037976]
[-0.36841464]	[0.70897043]	[-0.82301089]
[0.11801673]	[2.01456328]	[-0.74740682]
[5.39334883]	[1.55183043]	[0.27399143]
[5.00535186]	[-1.61144678]	[1.05976457]
[-0.82463257]	[1.95305195]	[0.18929556]
[1.07140322]	[0.53144336]	[-0.15156672]
[5.18850816]	[1.92412624]	[-1.79333159]
[-2.01537326]	[-0.46729394]	[-0.6480428]
[-3.63248204]	[2.62734362]	[-1.02515411]
[-3.57365977]	[2.17771321]	[-0.31380452]
[-1.10950672]	[0.97401441]	[0.54046605]
[-0.3038362]	[1.31009756]	[-1.13147805]
[6.25754646]	[0.03825158]	[-1.11888655]
[7.5824651]	[-0.21064089]	[-0.06358398]
[3.13650382]	[1.04417769]	[0.81327727]
[2.9826442]	[-2.33372668]	[1.10409691]
[-0.78646533]	[-2.97760646]	[-0.89386655]
[-0.06075661]	[-0.77143651]	[0.98006849]
[3.56350269]	[1.24580601]	[-0.16666462]
[2.65051377]	[-0.12113683]	[0.8320174]
[0.8661776]	[1.29501175]	[0.6856829]
[1.72116109]	[0.82009356]	[1.01997666]
[-0.19458556]	[0.88985444]	[1.39219067]
[0.45009668]	[3.0369181]	[-0.58951479]
[2.29631043]	[1.61855063]	[0.65852939]
[3.51406776]	[0.6130162]	[0.16510168]
[3.18537138]	[-0.78879445]	[1.21102231]
[8.39207267]	[-1.02068162]	[-0.62179234]
[8.65325056]	[-3.34450915]	[0.09246964]
[8.35519939]	[-3.26747574]	[0.37374018]
[5.95648398]	[-3.33235761]	[0.52614234]
[2.24569871]	[0.40165597]	[1.48284398]
[2.41548954]	[2.53205035]	[0.72045418]
[1.30159767]	[-1.66540511]	[1.01664844]
[0.15459909]	[2.9913751]	[-1.23764536]
[-1.8568244]	[0.43232588]	[0.12003354]
[-1.14910612]	[1.08561049]	[-1.25373598]
[0.49576714]	[1.40969412]	[-0.37306104]
[1.58461525]	[0.80857189]	[1.56505805]
[3.35621137]	[-2.44659066]	[0.61253271]
[5.14616742]	[-1.62011661]	[0.36889542]
[6.17207121]	[-1.58485416]	[0.00624618]
[4.97620494]	[0.29753547]	[0.81453703]
[0.88874212]	[1.98686726]	[-0.07925029]
[4.20826489]	[1.43372294]	[-0.47305642]
[5.24896825]	[2.66975653]	[-0.54886549]
[5.62676564]	[0.69005451]	[-0.65380478]
[3.93424102]	[-0.7475162]	[0.98404708]
[0.36151312]	[-1.14101021]	[2.08296901]
[2.9139825]	[-1.85979871]	[0.27567451]
[6.71704292]	[-1.93806853]	[-0.0952815]
[5.6928751]	[-2.27529481]	[1.15987397]
[1.63456627]	[0.37539555]	[0.02377717]
[1.81698874]	[-0.50218957]	[0.96970545]
[1.8512217]	[2.01522273]	[0.17302875]
[1.87929136]	[2.76456177]	[-0.67222784]
[-0.69695194]	[1.43686031]	[-0.02100867]
[-0.92733827]	[1.43167779]	[-0.9250671]
[-1.13446208]	[3.48243326]	[-0.18948744]
[-1.96549117]	[1.26991749]	[-0.11580844]
[-4.38825014]	[3.89458251]	[-1.73959669]
[-3.28262894]	[1.18757005]	[0.70306293]
[-1.86419031]	[0.51397874]	[1.54581416]
[0.21515764]	[0.55116038]	[-0.20787956]
[2.56943244]	[0.93875137]	[0.18618894]
[8.06994666]	[-0.30900503]	[-0.42059177]
[4.59621474]	[-0.12359912]	[1.26420714]
[3.88234359]	[-0.3413431]	[-0.84365833]
[3.78088014]	[-2.11118602]	[0.55889342]
[2.80434325]	[0.02239694]	[-0.00474955]
[0.67001628]	[1.9143767]	[-0.2542589]
[1.34965646]	[2.02786341]	[1.82537121]
[0.94088689]	[3.36831039]	[-0.65223001]
[1.05512049]	[0.54988534]	[-0.46598832]
[0.79339005]	[3.2657559]	[-0.64229554]
[0.64809452]	[-0.28276491]	[1.60760301]
[3.43477493]	[1.47212007]	[0.03275999]
[1.58509131]	[0.04454651]	[0.07558034]
[0.45780951]	[-1.40648989]	[0.34669771]
[1.07965795]	[0.43969138]	[0.79918836]
[5.25958715]	[-0.87064521]	[0.73619932]
[5.45850138]	[-1.84248097]	[1.37299792]
[2.45821705]	[-2.2930054]	[1.52854888]
[-0.5356543]	[0.57868967]	[0.07346619]
[0.06975513]	[2.40152706]	[0.16035705]
[4.44139226]	[-0.62934046]	[0.87526949]
[4.54857357]	[1.57196386]	[0.0963318]
[10.33830015]	[0.08549927]	[-1.36400346]
[8.80079464]	[0.81654524]	[-2.2720247]
[5.97402624]	[-2.4492257]	[0.15144868]
[4.80214424]	[-1.3427905]	[-1.01382935]
[5.4069716]	[-1.98300705]	[-1.47542145]
[3.03569263]	[-1.34194988]	[-0.29110695]
[0.99349551]	[-1.21934371]	[-0.5601388]
[5.81659707]	[-0.36407458]	[-1.35330628]
[4.18963065]	[-0.10236306]	[-0.46265287]
[-1.6073894]	[-1.16142313]	[0.79307824]
[-2.33309588]	[0.33114693]	[0.39757716]
[1.11640863]	[-1.08939053]	[1.0170789]
[3.79805542]	[-1.13905738]	[1.3883033]
[3.37725932]	[0.02957857]	[0.97215552]
[3.26980652]	[0.92325099]	[-0.14264059]
[2.69134833]	[-1.19565046]	[0.85347125]
[2.22399318]	[0.63885404]	[0.43039674]
[2.22815358]	[0.81047534]	[1.16653509]
[1.93046746]	[0.48711401]	[0.44994534]
[3.28024986]	[0.65654784]	[-0.56987172]
[-0.92902065]	[1.78507144]	[-0.32894376]
[5.52998767]	[-0.06331987]	[-1.32219154]
[8.21597994]	[-1.36408559]	[-0.9321809]
[4.07121812]	[-0.80619062]	[-0.58323453]
[-1.2145503]	[-0.14698437]	[-0.30809626]
[-3.29361257]	[1.8093039]	[-0.68245684]
[-2.52784613]	[-0.38218538]	[-0.88702649]
[-1.4081799]	[2.41297212]	[-1.63871404]
[-0.4531238]	[-1.05705173]	[0.03522064]
[2.76668648]	[-2.31805944]	[1.39360233]
[6.49462605]	[-2.37692014]	[0.36826789]
[3.50373085]	[1.57409631]	[0.12144349]
[1.94801757]	[1.60766629]	[0.10028124]
[2.22270659]	[1.73408002]	[-0.401979]
[-0.11945175]	[2.25327763]	[-1.21460654]
[0.38045522]	[-1.44300159]	[-0.94303261]
[0.42609799]	[0.138993]	[-1.36230197]
[-0.37653761]	[-0.00551835]	[-0.99103237]
[1.91187327]	[1.35923924]	[-1.27737658]
[4.38166064]	[-1.09251178]	[-0.22971763]
[6.59691187]	[-2.10342631]	[-0.01385973]
[5.7800418]	[-0.50394489]	[-0.46188912]
[6.27457905]	[-0.89758826]	[0.46632]
[3.96902071]	[0.18566226]	[-0.6456016]
[3.25481896]	[1.7931592]	[0.01505199]
[1.79712765]	[0.21486747]	[0.69816321]
[3.78566027]	[0.00924086]	[0.44428004]
[2.33147372]	[1.25039224]	[0.16400237]
[2.5476988]	[2.66377377]	[-0.48461715]
[6.1172715]	[1.02970982]	[-0.03226241]
[1.95108675]	[-0.07987352]	[0.07836343]
[3.34552137]	[0.95780129]	[0.2103591]
[6.66795783]	[1.55584152]	[-1.25719469]
[1.6020931]	[0.03875786]	[0.06651202]
[2.026591]	[-1.65677961]	[1.57788975]
[8.07322509]	[-0.74667784]	[-1.39487439]
[7.36136016]	[-1.64724835]	[-0.94063556]
[4.24376122]	[0.02516922]	[-0.64468427]
[2.23353965]	[0.02632196]	[-1.28844447]
[-0.42469309]	[0.44827414]	[-0.97023764]
[1.65854067]	[-0.50357758]	[-0.17380313]
[-1.8689366]	[-0.74131466]	[1.63841822]
[0.24408116]	[-3.42171593]	[0.45240982]
[2.14553046]	[-2.02734467]	[-1.3537962]
[0.62583848]	[0.63211993]	[-0.01532019]
[-0.8697206]	[0.02163655]	[3.14414336]
[-0.1353798]	[-0.739037]	[-1.73069026]
[-2.03132228]	[1.43433487]	[1.56532645]
[-1.39288753]	[0.94841937]	[1.11200109]
[2.13476273]	[1.41231379]	[-1.93410164]
[0.52986374]	[1.34025531]	[-3.1763107]
[-0.43329446]	[-0.38099246]	[-0.39751277]
[3.51435783]	[1.8693674]	[-3.35654651]
[4.4722362]	[-1.05276979]	[-5.1028885]
[0.42535281]	[-0.05515395]	[1.69747572]
[1.58117283]	[1.04501494]	[-0.74653271]
[2.88056376]	[2.0166363]	[-2.00831381]
[0.90509709]	[-1.4900731]	[1.79415594]
[0.33581379]	[2.87697706]	[-0.72167905]
[-0.77622385]	[5.46848446]	[0.81949794]
[-0.39965076]	[4.47243693]	[1.32034893]
[-0.29851705]	[2.35450619]	[4.15796454]
[0.10333095]	[-0.76440892]	[1.50489447]
[2.48362072]	[-3.15446997]	[-0.73669338]
[3.11437396]	[-1.07930523]	[-0.70452007]
[4.10226539]	[1.641214]	[-4.75241258]
[2.29688586]	[-2.00422608]	[-1.77089245]
[-0.17676327]	[0.99429888]	[0.50631185]
[-0.18924051]	[3.97699462]	[1.41155166]
[-1.87265348]	[2.48290068]	[1.99984421]
[-2.60978745]	[1.97134776]	[2.48224327]
[1.10943303]	[0.22263005]	[0.75905206]
[1.32007623]	[1.07167045]	[-3.50758346]
[-1.98514134]	[2.63730025]	[-1.21308634]
[-0.79339265]	[2.22119318]	[1.14118648]
[-0.87330421]	[0.96147388]	[2.32719368]
[-0.39404976]	[0.39844688]	[2.15455649]
[0.55438851]	[-1.23868911]	[0.20606862]
[1.41520442]	[0.6886287]	[-0.30906871]
[1.78197605]	[-3.53130223]	[-1.30739888]
[0.79368683]	[-3.02002696]	[-0.95151026]
[-1.6978296]	[-1.1943731]	[1.43648277]
[-1.33616945]	[-0.75745492]	[-1.24736545]
[2.13863186]	[-2.66714343]	[-1.65397094]
[2.53323482]	[-2.78763507]	[-2.37592199]
[3.60132034]	[0.24971942]	[-5.08439915]
[1.83857002]	[0.45043951]	[-3.79190313]
[-0.97795255]	[-1.3480349]	[-1.70055814]
[0.43325172]	[-2.15983503]	[-2.27646915]
[1.82259135]	[-5.1151171]	[-2.4735728]
[-0.08658962]	[0.17539529]	[0.36711237]
[6.06759657]	[-4.36628585]	[-2.88226394]
[5.90302611]	[-2.52201824]	[-4.3787131]
[2.92847003]	[-3.22702601]	[-2.13223008]
[-1.62749573]	[1.31405657]	[0.8661631]
[-1.84744325]	[-0.96910098]	[2.92900373]
[1.8049817]	[-3.4882036]	[-0.80419495]
[-1.24220339]	[-1.74715281]	[0.84604337]
[0.81036258]	[-1.36603539]	[-2.28436833]
[3.82388483]	[-3.74140347]	[-1.93685831]
[-0.09635972]	[-0.15034226]	[0.3657528]
[5.33394913]	[-2.54716228]	[-1.95667316]
[5.05346659]	[-6.95242528]	[-3.02599846]
[3.0699359]	[-3.38676183]	[-4.27667922]
[1.79939232]	[-2.21009613]	[-4.39893658]
[0.22492555]	[-1.18808544]	[-2.40804316]
[-1.40707017]	[1.32130742]	[-0.13303288]
[-0.27424835]	[-0.60203546]	[1.18125338]
[-0.43751633]	[-1.70602328]	[1.60647035]
[-3.83196866]	[-0.72983162]	[0.39562644]
[-1.73661291]	[-0.2285545]	[0.54164986]
[1.59143734]	[-2.38346688]	[-2.07127755]
[0.31838689]	[-3.59514636]	[-1.75338679]
[2.28142849]	[-2.52442]	[-2.79646906]
[-1.39422601]	[-0.65477034]	[-1.00228314]
[0.32634993]	[-0.85176917]	[-2.65843298]
[-2.97179648]	[0.68342173]	[-1.07488095]
[-2.99542837]	[0.40328605]	[3.32899182]
[-1.60628528]	[5.67951512]	[0.08182082]
[-0.53335236]	[-1.03769145]	[0.85302548]
[1.32984247]	[-0.6191944]	[-0.67589999]
[1.53745032]	[-1.06529208]	[1.34601731]
[3.50102728]	[-1.27958937]	[0.80510443]
[2.81442802]	[0.296826]	[-1.99260293]
[0.15712453]	[-0.18611416]	[1.2092851]
[0.99629774]	[1.4205231]	[0.82870884]
[-0.36524801]	[2.23813983]	[1.96597947]
[-3.14721906]	[-0.94919629]	[1.63274308]
[-1.97094615]	[-0.58899932]	[-0.07148877]
[-0.5629565]	[0.35289876]	[-0.16323571]
[-4.17922599]	[2.4434982]	[2.61421668]
[-2.04473408]	[2.57826943]	[1.57073197]
[-0.6518425]	[0.65857792]	[1.15002034]
[0.73718294]	[1.1843099]	[-0.32976427]
[-1.47283092]	[5.66094328]	[2.32185116]
[-1.2738461]	[2.14316427]	[3.90684821]
[1.42124636]	[2.02819983]	[0.3205497]
[-0.37350253]	[-0.1058852]	[2.06291858]
[-1.92842879]	[1.50411204]	[3.1165939]
[-0.53335236]	[-1.03769145]	[0.85302548]
[1.32984247]	[-0.6191944]	[-0.67589999]
[-1.7935354]	[2.67149054]	[0.30364144]
[-1.60628528]	[5.67951512]	[0.08182082]
[-1.25437784]	[2.37964739]	[2.67499942]
[-0.89620985]	[0.98272569]	[2.69287557]
[1.64465398]	[1.12382696]	[0.91671819]
[-0.00022034]	[4.29010597]	[4.40984261]
[0.02953908]	[3.33534147]	[3.49714069]
[-0.02858174]	[0.0640472]	[2.65903583]
[1.07031371]	[-2.40592599]	[0.36720773]
[0.61728505]	[0.55230024]	[-1.8914266]
[-0.00512799]	[-0.3111947]	[-0.11904161]
[2.83593884]	[-1.01344005]	[-0.45774888]
[-0.70826921]	[2.68008491]	[3.17348593]
[-1.60866816]	[3.29865593]	[2.14311998]
[-0.03390017]	[2.48338893]	[2.3534633]
[-0.2843517]	[2.07066759]	[4.55200758]
[-2.14125915]	[2.23765665]	[2.26770854]
[-0.27867502]	[3.91714577]	[3.17955291]
[3.09785088]	[-0.87853677]	[-0.99731066]
[2.63965849]	[0.43018726]	[-2.50970069]
[3.25991075]	[0.97634926]	[-1.59020626]
[3.17710953]	[1.38551414]	[1.23499354]
[3.04548627]	[2.10379335]	[-1.46677132]
[1.08664371]	[-0.6531607]	[2.38639389]
[-0.63242667]	[-0.6944277]	[3.32886702]
[1.15694083]	[0.71894212]	[-2.27771553]
[-3.36953977]	[3.48021779]	[0.45103849]
[-4.32683423]	[0.24975092]	[2.27818248]
[-2.03888523]	[3.43599324]	[1.73105085]
[-3.95550265]	[-2.11167512]	[2.84325517]
[-2.9505818]	[-1.43145448]	[4.63508847]
[-0.98271851]	[-3.49834612]	[0.66195799]
[1.51511383]	[-0.51499113]	[-1.53250123]
[-2.03503786]	[-0.16268264]	[1.85240095]
[0.11481215]	[1.21925332]	[2.251073]
[-1.12591395]	[1.5930651]	[1.82239141]
[0.25225767]	[-0.17268415]	[0.65716925]
[-2.17763261]	[0.95268668]	[0.63913476]
[2.58177053]	[-0.51211912]	[-2.58880564]
[2.23871229]	[-1.13619712]	[-1.65421578]
[1.09875416]	[0.42661366]	[-0.90380093]
[1.62395058]	[-2.53534786]	[0.77235768]
[0.02552228]	[-2.88994447]	[-0.85139077]
[-0.03929058]	[0.15068252]	[1.30495666]
[-1.63744859]	[2.29803676]	[-0.55989633]
[-2.77926721]	[0.27149998]	[1.66161263]
[0.061658]	[0.13397013]	[1.89013017]
[1.65692909]	[1.10355194]	[-1.52410916]
[3.01124454]	[0.67163135]	[-2.17283217]
[-0.75676007]	[1.69838515]	[0.18583484]
[1.5748374]	[-3.53083194]	[0.13559824]
[0.03898459]	[-2.18942622]	[0.33267018]
[0.69927673]	[0.89725829]	[0.88516588]
[0.51229384]	[1.47924825]	[-0.96729591]
[-1.08409119]	[-0.06783583]	[1.2004964]
[-2.47420931]	[1.16542696]	[0.95124642]
[0.01610269]	[-0.02155801]	[-1.89924994]
[5.53590005]	[-3.41004936]	[-5.23227172]
[2.78811825]	[-2.32205169]	[-3.85155583]
[6.29558918]	[2.84065495]	[-5.24407315]
[1.59001699]	[0.32016493]	[0.87696131]
[2.66716622]	[1.10901342]	[1.08330073]
[4.11980169]	[3.8283104]	[-0.18671795]
[4.14724847]	[-0.01920865]	[-0.74213596]
[1.92462957]	[2.79427572]	[1.14416925]
[4.89558129]	[-2.81291312]	[2.1298566]
[6.86030397]	[-3.14292574]	[-3.54871904]
[6.57355404]	[-7.97516786]	[1.02401274]
[2.76407309]	[1.42772487]	[3.68819365]
[2.74035881]	[1.1606796]	[1.8483001]
[1.91265572]	[-0.78021817]	[3.99841243]
[1.6919662]	[-1.05239541]	[1.37917504]
[1.78714138]	[1.05568256]	[2.89579594]
[2.29922921]	[0.68047196]	[0.53213881]
[2.94922402]	[0.49032274]	[5.16258772]
[3.28456661]	[2.80840707]	[2.34024097]
[6.67066622]	[1.66671717]	[-4.52942899]
[5.65458032]	[-0.05116653]	[-2.88691213]
[3.08575695]	[2.50784985]	[1.13271224]
[3.54161531]	[1.07409913]	[2.53282223]
[3.03076697]	[1.27350289]	[4.58423702]
[1.88593633]	[3.0309172]	[-1.62876593]
[2.68561476]	[-0.3300664]	[-2.23565451]
[3.0428049]	[0.665277]	[-1.20743732]
[2.04128878]	[1.5369444]	[-2.32902136]
[0.42481754]	[-2.75942194]	[1.29940758]
[-0.71042503]	[-3.42666538]	[1.57397638]
[-1.48393706]	[1.03059287]	[3.27764406]
[0.61626511]	[0.20845403]	[2.99179189]
[0.61626511]	[0.20845403]	[2.99179189]
[0.57420633]	[1.60840175]	[3.1965923]
[-0.67537969]	[-4.78335393]	[3.62586755]
[3.54721792]	[-5.30416566]	[1.00068002]
[-1.27967782]	[3.0379395]	[3.68336752]
[-2.42911166]	[1.04307534]	[1.40239853]
[2.79437268]	[-1.60568243]	[-0.18875613]
[1.88749811]	[-2.54253166]	[-0.53038346]
[4.46454827]	[-0.59167724]	[-0.9223858]
[4.46454827]	[-0.59167724]	[-0.9223858]
[-0.71042503]	[-3.42666538]	[1.57397638]
[-1.48393706]	[1.03059287]	[3.27764406]
[0.57420633]	[1.60840175]	[3.1965923]
[1.59545277]	[-2.26315253]	[3.89030773]
[2.52239516]	[-3.10538829]	[1.14736993]
[2.36409727]	[1.54911]	[-0.16333005]
[0.75293227]	[0.7322563]	[0.22520441]
[3.00225796]	[0.3633473]	[0.73511921]
[3.0021516]	[-2.18795644]	[-0.62821175]
[-3.67635695]	[-0.1407578]	[-1.49268053]
[1.18728462]	[4.19626978]	[0.60813819]
[-0.75871206]	[-0.54583794]	[1.49411202]
[0.75293227]	[0.7322563]	[0.22520441]
[-0.73998765]	[-2.19195404]	[0.12726895]
[-3.55021255]	[-0.01721389]	[-1.26323081]
[-5.1426024]	[1.98888278]	[-2.69347993]
[-5.52257444]	[-0.68844194]	[-0.91529062]
[-4.37624977]	[0.24131356]	[-1.95139766]
[-3.81645448]	[-2.33708753]	[-0.20565957]
[-2.92409808]	[-2.14182714]	[-0.12714954]
[-1.94928213]	[-0.21621444]	[-1.8636478]
[-2.21201707]	[0.4235422]	[0.11703612]
[0.88632536]	[0.47545732]	[-2.80894112]
[0.247548]	[-4.8195106]	[-0.09732723]
[-0.62723892]	[-1.78751077]	[-0.11060908]
[1.83662073]	[0.12062816]	[-0.54084344]
[3.724549]	[-1.01984204]	[-0.83661396]
[-0.87932663]	[-1.33787984]	[-0.10977984]
[-1.30792592]	[-3.9188285]	[-1.80747829]
[0.40209231]	[1.7632464]	[-1.73757583]
[-3.25617456]	[-4.74054678]	[0.38489978]
[-2.44505409]	[-1.43935875]	[-0.76892816]
[-0.27399474]	[-0.63704497]	[-0.79644407]
[-3.25992126]	[-0.60133557]	[-0.91511426]
[-3.12715176]	[-1.29804766]	[0.11239939]
[0.2517502]	[-0.86485995]	[-1.3313202]
[-1.48033627]	[-0.74081892]	[-0.3905232]
[-3.26834522]	[-0.57999826]	[-1.34734547]
[-2.22156481]	[-1.86361533]	[0.4449381]
[-4.52190628]	[-1.64234108]	[-0.66240002]
[-2.45980149]	[0.48561776]	[-0.26392151]
[-3.04565254]	[-1.10410982]	[-0.7378125]
[1.3685937]	[-1.54211122]	[-0.35335812]
[-1.18740357]	[-0.75461838]	[-0.02154264]
[0.26941765]	[-1.31141919]	[0.12492053]
[-1.67969898]	[-0.02096812]	[1.01213935]
[-2.75325987]	[-1.83878673]	[1.1376384]
[-3.48821503]	[0.59763722]	[-1.31868474]
[-5.34270864]	[-2.43160073]	[-0.08016647]
[-4.27737908]	[-1.31519632]	[-0.77826327]
[-3.04872121]	[-0.29455661]	[-0.87011251]
[-1.74092138]	[-0.82318239]	[0.07265545]
[-4.53740731]	[0.40047005]	[-0.03496703]
[-3.74244389]	[-1.91917889]	[0.23808141]
[-5.28402212]	[-2.02850699]	[-0.33016651]
[-3.83398113]	[0.13572445]	[-2.59858436]
[-3.24606275]	[0.43139606]	[-0.25998131]
[-1.35581514]	[1.14440394]	[-1.05041017]
[1.88626221]	[-2.82625003]	[-0.78615208]
[4.85610577]	[0.48194903]	[-2.04308915]
[6.10354993]	[0.23469284]	[-0.267943]
[4.15145769]	[0.83035115]	[-1.02205385]
[1.48720934]	[4.67260677]	[-0.32355837]
[-4.34301629]	[-1.05633534]	[-0.01400875]
[0.12780384]	[-3.03180473]	[-0.85961769]
[0.35759609]	[1.88969493]	[-2.62418789]
[-4.88325135]	[1.74866194]	[-1.67720619]
[-4.78072085]	[-2.50571457]	[-0.03447698]
[0.14336058]	[-1.93267845]	[-0.16030815]
[3.70579071]	[-0.83435958]	[-1.75918825]
[2.32925224]	[0.4565529]	[0.46747416]
[3.39423963]	[1.68792729]	[1.95436681]
[2.42258195]	[0.22174624]	[1.14632265]
[1.13021573]	[-0.25131744]	[-1.07580864]
[4.26979638]	[-1.85936936]	[-0.26311982]
[10.0037882]	[4.78844827]	[-2.54325011]
[10.84033014]	[2.45972784]	[-5.77539926]
[11.44941235]	[-0.35009121]	[-6.08309024]
[6.55716081]	[-1.2120275]	[-2.17609865]
[5.52198143]	[2.9373778]	[0.37140448]
[4.03262259]	[4.92138814]	[1.55773966]
[-0.64613024]	[-0.63719664]	[0.41825986]
[-1.50417389]	[0.57745032]	[-1.96095817]
[3.7644656]	[0.0119866]	[-2.11748359]
[-0.31597838]	[-5.00063238]	[0.50758232]
[-0.50634902]	[-0.44586066]	[-0.46631266]
[1.16482044]	[-0.96407997]	[-0.77245778]
[7.86490693]	[-0.74083567]	[-4.46353884]
[5.21768428]	[0.0309826]	[-3.28848431]
[1.25048417]	[-2.42289184]	[-0.61113319]
[-2.50996844]	[-3.32499147]	[-0.43078721]
[-3.31808088]	[1.11643216]	[-2.16547511]
[-0.99266387]	[1.80050718]	[-4.59289378]
[5.55658076]	[-0.4217761]	[-3.04234514]
[3.22452837]	[2.21897862]	[-4.45153058]
[3.3016659]	[0.99102301]	[-2.13261548]
[0.65465908]	[-2.30839068]	[-1.36930832]
[0.16891733]	[-2.55324975]	[-1.62973603]
[-1.00137905]	[-3.4075138]	[0.34829489]
[-1.82047003]	[-1.19991348]	[-0.96189033]
[-0.60710756]	[-1.00274521]	[1.56197343]
[-0.09377995]	[-0.16491329]	[1.45587165]
[2.39152548]	[-0.95108882]	[2.17261058]
[-0.2788685]	[3.03407063]	[-0.22259312]
[0.32053073]	[5.63505811]	[-0.74908054]
[0.6233717]	[3.55572498]	[0.44740201]
[3.04211198]	[2.73731407]	[0.89688825]
[7.48138014]	[1.71578109]	[0.40523082]
[3.09006888]	[-0.36029473]	[1.38885247]
[-1.56014524]	[3.27443709]	[0.23643147]
[2.84778965]	[-3.19896706]	[3.88236718]
[5.32326867]	[3.89032189]	[-0.66752351]
[5.6613816]	[4.28064422]	[0.58705777]
[-2.3261796]	[2.80639347]	[-0.25199201]
[-0.56932563]	[1.56485507]	[0.61321282]
[1.49996845]	[1.05928809]	[2.61482269]
[0.87933509]	[-4.72750128]	[3.66030233]
[3.84094002]	[0.6157865]	[0.67139287]
[1.60549376]	[2.77641255]	[-0.88234814]
[-0.75929586]	[-0.25744393]	[1.42945033]
[0.60784209]	[0.46923777]	[0.58655854]
[-0.21352103]	[0.90949371]	[-0.74124703]
[-0.79602298]	[0.13333666]	[-0.71315371]
[-0.22493391]	[0.81716961]	[-0.12415518]
[-1.54059849]	[-2.52813652]	[1.40059707]
[1.28747515]	[-2.17103273]	[-0.42541428]
[3.45590953]	[1.3548926]	[-0.90339433]
[-1.85168434]	[0.10874509]	[0.98058254]
[0.06968681]	[0.40518606]	[0.05368278]
[3.62314064]	[1.22339504]	[0.83976264]
[4.64769234]	[1.86656513]	[1.31896203]
[1.55262656]	[1.54632995]	[0.92649135]
[0.78353141]	[-1.21025503]	[0.23918564]
[-0.79165458]	[-2.35175234]	[1.86523277]
[1.13692746]	[-1.95097748]	[1.56045098]
[0.52433908]	[1.27933901]	[-0.35382341]
[-2.14261699]	[-1.5213623]	[1.37690293]
[-3.32107403]	[1.28480225]	[0.133698]
[-0.0106978]	[0.57535988]	[1.93655668]
[3.55007668]	[2.5615442]	[0.22888005]
[3.69098031]	[-2.67485694]	[2.734566]
[3.65328671]	[0.56491707]	[3.11218503]
[-0.44647348]	[0.12085364]	[3.23439875]
[0.41447863]	[-0.57390955]	[2.49655298]
[0.98539746]	[2.11890354]	[1.42113737]
[2.07871813]	[0.53896978]	[1.3053211]
[0.1544078]	[-1.83316549]	[1.27329905]
[-0.46754953]	[-2.75431695]	[3.66428209]
[1.12982556]	[1.4264984]	[-0.1875449]
[-1.1800002]	[0.66521823]	[1.33381202]
[-0.51177085]	[1.3783493]	[0.85777195]
[1.1475101]	[1.88001769]	[1.41068957]
[3.68426558]	[2.50295352]	[-0.23121291]
[-0.05107515]	[-1.32652351]	[2.28443999]
[-1.94971645]	[-0.14902616]	[-0.04612199]
[0.57499155]	[-0.31961071]	[0.33128146]
[0.33151167]	[3.81629243]	[-1.57154744]
[-0.17381039]	[0.53755003]	[-0.190833]
[1.48784596]	[-0.87585747]	[0.91333912]
[2.18957735]	[1.82842092]	[1.73966678]
[2.18911612]	[1.86205944]	[1.21246963]
[2.75489039]	[0.34823316]	[1.68687714]
[5.84810456]	[-3.24406305]	[1.52620624]
[2.10183874]	[1.35285841]	[1.46272146]
[8.18851073]	[3.03107852]	[-1.92848553]
[2.7263907]	[2.79498268]	[-1.09273491]
[2.19926972]	[1.98761471]	[1.40147249]
[0.68853867]	[2.26416399]	[0.18149734]
[-3.66338631]	[3.00362487]	[-0.55892577]
[-3.09149466]	[-2.66347063]	[2.02208569]
[-0.31047954]	[0.12743519]	[2.13721834]
[-0.31047954]	[0.12743519]	[2.13721834]
[1.79819971]	[2.90328021]	[0.0380284]
[-0.30689617]	[-2.05157728]	[2.71714347]
[-1.02121939]	[0.63892253]	[0.28924145]
[-2.6936959]	[2.97333003]	[-1.53542265]
[1.88026488]	[1.23044441]	[-0.00607581]
[4.97950066]	[1.41896907]	[0.80706819]
[3.18193018]	[-0.80358188]	[1.45820234]
[0.85100121]	[2.64496892]	[1.19395242]
[-1.72510162]	[-0.77165138]	[1.85429123]
[-0.33842743]	[-2.0877128]	[2.91357236]
[-0.9533911]	[-3.27822052]	[2.80992622]
[0.57721623]	[-4.71009218]	[1.73524452]
[0.83335762]	[-0.9439662]	[0.84043699]
[-1.76054141]	[0.05840515]	[0.44672458]
[-0.43412714]	[-2.92336439]	[2.18279452]
[0.53266588]	[2.35518368]	[-1.29847457]
[-3.12704435]	[0.55520466]	[0.0368996]
[-2.42208595]	[0.1683834]	[0.14360193]
[-1.66085021]	[-1.89586818]	[2.31480063]
[-1.17217786]	[-2.38463816]	[1.54003946]
[-2.30439114]	[-4.49891932]	[1.55370443]
[-1.26087885]	[-0.36399791]	[-0.32415135]
[-1.04128249]	[-2.2635895]	[1.87872385]
[-0.59710993]	[0.57702777]	[1.637335]
[-1.33727864]	[-0.00284507]	[0.7472026]
[-2.95465389]	[0.86986806]	[-0.36603445]
[1.54936909]	[-1.16558443]	[2.07976766]
[3.51712824]	[-2.57050423]	[4.33607963]
[3.04374547]	[1.23484218]	[1.48748099]
[2.55019081]	[-3.06130758]	[4.0578219]
[5.39789835]	[4.3529112]	[0.35982376]
[0.83829971]	[4.32561551]	[-0.64975123]
[0.11938752]	[1.10682359]	[-0.5998911]
[0.878342]	[0.24490552]	[0.60893827]
[-0.23692689]	[0.07141612]	[0.13731898]
[1.32033585]	[2.07546738]	[0.05695962]
[1.8052899]	[1.29866963]	[0.62384842]
[1.10066435]	[1.13030472]	[2.27090842]
[-1.96814521]	[-0.11329023]	[2.10856797]
[-1.94657167]	[0.4024212]	[0.83764884]
[-1.36507424]	[-1.11107591]	[1.30849506]
[-2.66728966]	[0.84693108]	[-0.02259207]
[-1.28741392]	[2.30599385]	[-0.65074105]
[0.77075369]	[-2.56846671]	[2.27176308]
[1.92451935]	[1.4746786]	[2.00923381]
[5.79894907]	[3.36247675]	[0.48928256]
[1.50579132]	[2.86290109]	[0.81812167]
[0.71961955]	[-2.09488395]	[3.88993257]
[-0.82674696]	[-0.67744742]	[1.77643871]
[-2.17769083]	[-1.61134788]	[0.56326054]
[-4.85118268]	[-2.03739252]	[1.90614048]
[-1.73254836]	[-2.32894989]	[1.03899266]
[-1.26198595]	[-2.14065409]	[0.76015654]
[-2.80171283]	[-0.34255905]	[-0.66304394]
[-1.56312972]	[1.04099439]	[-0.42261224]
[-6.07943426]	[0.97316357]	[-1.27879408]
[-4.35643065]	[3.04520038]	[-1.73502806]
[-3.64025323]	[1.57374184]	[-0.62660682]
[-4.74692147]	[2.29888122]	[-0.37641051]
[-5.13571759]	[1.61009466]	[-0.55555591]
[-3.03324301]	[2.43757843]	[0.90614802]
[-4.38429046]	[1.56870846]	[0.55546493]
[-5.49407849]	[1.24396699]	[-0.17156927]
[-5.37306286]	[2.70250477]	[-1.30800174]
[-5.06252307]	[1.53931241]	[-0.24909131]
[-3.68603095]	[0.89151548]	[-0.11367624]
[3.16324514]	[-1.50749075]	[-0.96526058]
[-5.75346595]	[-0.73112535]	[-0.23064671]
[-6.58392175]	[0.1689438]	[-0.87111593]
[-3.1172992]	[0.30907558]	[-1.76808963]
[-9.48043527]	[0.91455873]	[-1.12060552]
[-6.89315648]	[0.44077404]	[-1.12849815]
[-5.08020719]	[0.81310057]	[-1.43563909]
[-7.74838009]	[0.13789006]	[-0.78345358]
[-7.79285782]	[-0.1039752]	[-0.61250367]
[-2.90193452]	[0.55755263]	[-2.7274051]
[-1.91161496]	[-0.4473415]	[-0.52660294]
[6.42266931]	[-0.87628947]	[-2.23937793]
[-3.63696787]	[-2.76627866]	[-0.49589887]
[1.75216394]	[0.16496485]	[-1.49419044]
[-5.73152685]	[-0.0109846]	[-0.94082157]
[-6.12976297]	[0.07903964]	[-0.05596766]
[-8.1303581]	[-0.39094046]	[-1.22274902]
[-2.19662757]	[-0.75567148]	[-1.05452195]
[-3.189746]	[0.55277179]	[-0.92083772]
[-5.70679428]	[-0.58199738]	[-1.22114472]
[-8.39297508]	[1.78541923]	[-1.86934482]
[-7.56876071]	[-1.77892107]	[-0.73860626]
[-8.41938266]	[0.83434589]	[-2.32351111]
[-9.11868651]	[0.44627913]	[-2.25232859]
[-9.16503854]	[0.0465622]	[-1.98341752]
[-8.23236423]	[-3.64923773]	[-0.4415018]
[-7.44732993]	[-0.73703393]	[-0.3164888]
[-6.58744607]	[0.12728322]	[-2.12721958]
[-6.29883414]	[-0.21919666]	[-1.94824062]
[-6.99956653]	[2.92216074]	[-1.85521712]
[-5.97943323]	[-0.43673582]	[-0.09765631]
[-1.47826924]	[0.61958883]	[-1.78246367]
[-7.47584336]	[0.08719929]	[-2.33562506]
[-8.85484231]	[-2.57061973]	[-0.66669167]
[-7.13382794]	[-1.2987175]	[-0.85908475]
[-9.43765747]	[-0.71854084]	[0.43177827]
[-4.60069317]	[0.08657753]	[-0.72161252]
[-7.32286191]	[-0.37046702]	[-0.61583997]
[-6.29883414]	[-0.21919666]	[-1.94824062]
[-6.58744607]	[0.12728322]	[-2.12721958]
[-7.44732993]	[-0.73703393]	[-0.3164888]
[-8.23236423]	[-3.64923773]	[-0.4415018]
[-3.36787068]	[-1.41702812]	[-0.12380206]
[-6.28209644]	[-1.81008316]	[-2.2927653]
[-7.53397843]	[-1.51037564]	[-0.1714694]
[-5.00274454]	[-1.10091812]	[-1.11133095]
[-8.87334254]	[-1.85421956]	[-0.90297471]
[-8.2298242]	[-0.88769528]	[-1.13589191]
[-5.33669896]	[-0.77658927]	[-0.82078344]
[-7.95577725]	[0.5953962]	[-0.68228019]
[-9.06267797]	[-2.05730065]	[-0.6327476]
[-8.9957815]	[-2.80097795]	[-0.39065707]
[-8.13413572]	[0.75094403]	[-0.75751806]
[-7.45831009]	[-0.40843594]	[-0.7841224]
[-8.81312679]	[0.63840776]	[-2.20219428]
[-8.53029875]	[0.10460627]	[-0.85563029]
[-8.33883716]	[1.41935013]	[-1.45707625]
[-8.07684359]	[-1.04519437]	[-0.0839449]
[-5.61343525]	[-1.92435333]	[0.84149214]
[-6.69642405]	[0.42546311]	[-0.84175885]
[-8.75017777]	[1.24064891]	[-3.21521443]
[-7.22527427]	[-0.26328513]	[-1.0099062]
[-7.34718806]	[-0.91220692]	[-1.5401394]
[-8.36455852]	[-2.23573879]	[-1.18793205]
[-7.20719969]	[-0.65015324]	[-1.42297936]
[-7.81712291]	[-1.88631271]	[-0.23485349]
[-6.32860979]	[-1.87435345]	[-1.40088843]
[-7.26269906]	[-1.47616071]	[0.0056663]
[-7.21823675]	[-1.11467634]	[-1.36762968]
[-7.76178003]	[-0.8625798]	[-0.45447849]
[-4.58893398]	[-0.73031602]	[-0.81065185]
[-2.96127281]	[-1.14268869]	[-0.41152573]
[-4.2449029]	[-1.80681052]	[0.23521595]
[-2.69291463]	[0.29092252]	[-1.49442012]
[-4.953713]	[-0.62129397]	[-0.52535274]
[-9.04731304]	[-1.81158373]	[0.72014801]
[-9.40421466]	[-0.75515645]	[-1.89380362]
[-10.02875817]	[-0.00578411]	[0.42590376]
[-9.56398335]	[-0.44918068]	[-0.95239532]
[-1.93252205]	[-1.53154605]	[-1.56639596]
[-3.43594813]	[-0.06733394]	[-0.71502612]
[-6.12387944]	[-0.40787646]	[-0.47600277]
[-9.16195087]	[-0.62473864]	[-0.78868897]
[-7.2063703]	[-0.55440341]	[-0.36237629]
[-0.72143929]	[-0.45822046]	[-1.40028917]
[-0.45251848]	[-1.11593486]	[-0.17385423]
[-5.36068651]	[-0.59325243]	[-1.18225648]
[-3.54831696]	[0.70677167]	[-1.21543728]
[2.27884725]	[-1.19477275]	[-2.0210303]
[0.33673751]	[-1.2797864]	[-0.53913854]
[-7.00121202]	[-0.81572074]	[-0.52072613]
[-6.84006847]	[0.43733609]	[-1.04183086]
[-1.71119269]	[-1.38415887]	[-0.6762524]
[-5.74455015]	[-0.5703328]	[-0.33414541]
[-2.49616506]	[-1.10931092]	[-0.40665238]
[-6.34190155]	[-1.06115778]	[0.34715172]
[-8.41281899]	[0.64318817]	[-0.98380421]
[-8.42647558]	[0.51939884]	[-1.29797267]
[-6.15998977]	[0.43851573]	[-2.22404866]
RESULTADO PCA
[[ 3.58895998 -0.25889361  0.79790817]
 [ 7.73557074  1.00861455 -0.79031134]
 [ 7.88177033 -1.32511733  1.76402861]
 ...
 [-8.41281899  0.64318817 -0.98380421]
 [-8.42647558  0.51939884 -1.29797267]
 [-6.15998977  0.43851573 -2.22404866]]