INFORME SOBRE EL PCA.
-------------------------
Ingrese la cantidad de componentes principales (1-234): 2
Eigenvalores
[146.43459481  35.55063991]
Eigenvectores
[[-0.06510008  0.06390129]
 [-0.06505553  0.06468142]
 [-0.06506986  0.06453648]
 [-0.06512933  0.06425726]
 [-0.06511984  0.06352844]
 [-0.06493336  0.06380645]
 [-0.06467909  0.06314809]
 [-0.06440135  0.06243685]
 [-0.06458582  0.05434422]
 [-0.0648333   0.03554987]
 [-0.05938776 -0.01674734]
 [-0.02808042 -0.10634915]
 [-0.00087483 -0.13716873]
 [ 0.01116898 -0.14242831]
 [ 0.01659299 -0.14306518]
 [ 0.01786087 -0.14296103]
 [ 0.01700014 -0.1423646 ]
 [ 0.01418522 -0.14109137]
 [ 0.00887929 -0.13921707]
 [ 0.0045188  -0.13866303]
 [-0.00047754 -0.13737499]
 [-0.00766639 -0.13351636]
 [-0.01802754 -0.12689976]
 [-0.02712881 -0.12239906]
 [-0.03381161 -0.11990404]
 [-0.04133277 -0.11642903]
 [-0.04827915 -0.10956784]
 [-0.05300473 -0.09919987]
 [-0.05447477 -0.08893111]
 [-0.05465992 -0.08192961]
 [-0.05470239 -0.07055267]
 [-0.05497344 -0.05436354]
 [-0.05524574 -0.04455086]
 [-0.0561119  -0.03687536]
 [-0.05798237 -0.03055836]
 [-0.06115942 -0.02860584]
 [-0.0651402  -0.02893019]
 [-0.06840671 -0.03024543]
 [-0.07083169 -0.0302992 ]
 [-0.07198973 -0.02820479]
 [-0.07180081 -0.02557579]
 [-0.07099777 -0.02359909]
 [-0.0701882  -0.02185437]
 [-0.06896863 -0.01820784]
 [-0.06859921 -0.01308352]
 [-0.06879343 -0.00765603]
 [-0.06962554 -0.00094514]
 [-0.07077228  0.00507957]
 [-0.0723092   0.01066381]
 [-0.07378103  0.01608873]
 [-0.0750197   0.02021403]
 [-0.07619723  0.02350168]
 [-0.07718308  0.02518758]
 [-0.07806152  0.02600363]
 [-0.07885834  0.0256509 ]
 [-0.07947865  0.0249661 ]
 [-0.07989685  0.02337996]
 [-0.07999306  0.02201046]
 [-0.07977094  0.02041952]
 [-0.07912564  0.01853349]
 [-0.07840817  0.0162383 ]
 [-0.07775648  0.01402334]
 [-0.0775917   0.01188188]
 [-0.07851997  0.00678342]
 [-0.07967324  0.00062086]
 [-0.08004423 -0.0038047 ]
 [-0.07967442 -0.00717518]
 [-0.07873179 -0.00835214]
 [-0.07750629 -0.00728753]
 [-0.07704292 -0.00468847]
 [-0.07682161 -0.00151893]
 [-0.07663543  0.00215161]
 [-0.07647722  0.00604127]
 [-0.07614214  0.00947896]
 [-0.07599391  0.0129986 ]
 [-0.07591621  0.01733804]
 [-0.07600863  0.02436792]
 [-0.07634583  0.03282439]
 [-0.0764225   0.03719069]
 [-0.07628096  0.04334114]
 [-0.07610875  0.04915426]
 [-0.07580056  0.05569824]
 [-0.07581089  0.05924391]
 [-0.07608865  0.05983684]
 [-0.07714416  0.05496439]
 [-0.08002516  0.02491122]
 [-0.07550026 -0.03318014]
 [-0.06803091 -0.06214489]
 [-0.06729468 -0.06403245]
 [-0.07065349 -0.0526265 ]
 [-0.07515087 -0.03362376]
 [-0.07745472 -0.01889832]
 [-0.07858215 -0.00661178]
 [-0.07882874  0.00140612]
 [-0.07872959  0.01015581]
 [-0.07818912  0.02283293]
 [-0.0775088   0.03548607]
 [-0.07666636  0.04639266]
 [-0.07605843  0.05163431]
 [-0.07591399  0.05028978]
 [-0.07615261  0.04753262]
 [-0.07621546  0.05043   ]
 [-0.07604099  0.0555426 ]
 [-0.07607036  0.05683   ]
 [-0.07627869  0.05562157]
 [-0.0764663   0.0535415 ]
 [-0.07667829  0.05138815]
 [-0.07676702  0.04965554]
 [-0.07705568  0.0449675 ]
 [-0.07719266  0.03639893]
 [-0.07656642  0.0331089 ]
 [-0.07535523  0.04117058]
 [-0.07403282  0.04848699]
 [-0.07289315  0.05245212]
 [-0.07215837  0.05566198]
 [-0.07213084  0.05709096]
 [-0.07250949  0.05732005]
 [-0.07295406  0.05715003]
 [-0.073156    0.05766108]
 [-0.07303508  0.05850362]
 [-0.07269959  0.06010255]
 [-0.07233449  0.06174662]
 [-0.07213674  0.06180734]
 [-0.07211525  0.05944111]
 [-0.07240846  0.05430868]
 [-0.07266529  0.04881805]
 [-0.07259379  0.0452718 ]
 [-0.07227989  0.04235234]
 [-0.07175662  0.04040215]
 [-0.07107383  0.03905787]
 [-0.07073227  0.03781224]
 [-0.07081849  0.03649899]
 [-0.07128406  0.03367247]
 [-0.07182113  0.02791739]
 [-0.07216242  0.02037265]
 [-0.07204058  0.01267585]
 [-0.0715463   0.00859603]
 [-0.07068298  0.0068599 ]
 [-0.06957742  0.00015774]
 [-0.06827249 -0.00885454]
 [-0.06678381 -0.01511692]
 [-0.065432   -0.0178944 ]
 [-0.06433665 -0.01898812]
 [-0.0632617  -0.02373336]
 [-0.06229799 -0.03168443]
 [-0.06186216 -0.0377705 ]
 [-0.06240597 -0.03876636]
 [-0.06369848 -0.03536408]
 [-0.06463917 -0.03291805]
 [-0.06402753 -0.03659437]
 [-0.061544   -0.04405625]
 [-0.05901026 -0.04726166]
 [-0.05873752 -0.04224262]
 [-0.05957721 -0.03477326]
 [-0.05976738 -0.03335042]
 [-0.05786908 -0.04310549]
 [-0.05201324 -0.06587526]
 [-0.04333075 -0.08743618]
 [-0.03506439 -0.10008972]
 [-0.0245481  -0.11436495]
 [-0.01096515 -0.13032767]
 [ 0.00226345 -0.13943968]
 [ 0.01255729 -0.14025055]
 [ 0.02124283 -0.13393   ]
 [ 0.03180448 -0.11785572]
 [ 0.04499907 -0.08853562]
 [ 0.05572779 -0.05205447]
 [ 0.06099455 -0.02266934]
 [ 0.06260254 -0.00740728]
 [ 0.06252175 -0.00517164]
 [ 0.06152666 -0.01114264]
 [ 0.06036143 -0.01553358]
 [ 0.05999376 -0.00727743]
 [ 0.06059971  0.01575227]
 [ 0.06163395  0.03771977]
 [ 0.0637912   0.04228793]
 [ 0.06662037  0.03275759]
 [ 0.06866587  0.02308484]
 [ 0.06988843  0.02307221]
 [ 0.07082755  0.02759371]
 [ 0.07176626  0.02820139]
 [ 0.07238647  0.02663734]
 [ 0.07281287  0.02508007]
 [ 0.07299707  0.02883343]
 [ 0.07222751  0.04425183]
 [ 0.06998274  0.06441161]
 [ 0.06734352  0.07960639]
 [ 0.06576768  0.08663412]
 [ 0.06571416  0.08619658]
 [ 0.06663714  0.08112422]
 [ 0.06719947  0.07881688]
 [ 0.06677212  0.08288098]
 [ 0.06554925  0.08956254]
 [ 0.06392264  0.09613992]
 [ 0.06222877  0.10192956]
 [ 0.06065923  0.10677585]
 [ 0.05943291  0.11032125]
 [ 0.05860006  0.11258222]
 [ 0.0579401   0.11422573]
 [ 0.05712832  0.11601586]
 [ 0.05627136  0.11764892]
 [ 0.05573917  0.11841774]
 [ 0.05557026  0.11847488]
 [ 0.05579703  0.11788578]
 [ 0.05640141  0.11663806]
 [ 0.05724192  0.11490508]
 [ 0.05809047  0.11312289]
 [ 0.05890372  0.11127515]
 [ 0.06002883  0.10841126]
 [ 0.06180176  0.10304615]
 [ 0.06426561  0.09315615]
 [ 0.06673807  0.07622896]
 [ 0.06766121  0.0501091 ]
 [ 0.06560031  0.01780131]
 [ 0.06205907 -0.01354952]
 [ 0.05860001 -0.0379463 ]
 [ 0.05521704 -0.0527068 ]
 [ 0.05141924 -0.06160876]
 [ 0.04837839 -0.06801117]
 [ 0.04688063 -0.07113744]
 [ 0.04784855 -0.07012643]
 [ 0.05155325 -0.06442301]
 [ 0.05736228 -0.05297717]
 [ 0.06251837 -0.03855498]
 [ 0.06564176 -0.02932197]
 [ 0.06711048 -0.0270764 ]
 [ 0.06772901 -0.02882071]
 [ 0.06752014 -0.03473341]
 [ 0.06650263 -0.04365273]
 [ 0.06512092 -0.05159621]
 [ 0.06349271 -0.05863614]
 [ 0.06175685 -0.06480471]
 [ 0.06030205 -0.06953341]
 [ 0.05905945 -0.07308792]]
Porcentaje de Varianza Explicada por cada componente
[80.46509654 19.53490346]
Componente Principal para eje X = 1
Componente Principal para eje Y = 2
Componente Principal para eje Z = No aporta
Porcentajes de Varianza X = 80.46509654201746
Porcentajes de Varianza Y = 19.534903457982526
Porcentajes de Varianza Z = N
Eje X 		 Eje Y 		 Eje Z
[7.25742207]	[0.14901455]	N
[18.45548472]	[-3.92871217]	o
[5.47691167]	[-0.50828786]	 
[10.55713863]	[-2.68730984]	A
[5.30479676]	[-0.27662416]	p
[12.98002246]	[-2.14350687]	o
[6.44014644]	[0.14589376]	r
[15.64605718]	[-1.93303951]	t
[7.72332349]	[-0.16348807]	a
RESULTADO PCA
[[ 7.25742207  0.14901455]
 [18.45548472 -3.92871217]
 [ 5.47691167 -0.50828786]
 ...
 [ 6.87326776  0.27238071]
 [ 3.5962244   0.86043377]
 [11.59694968  0.95297939]]