INFORME SOBRE EL PCA.
-------------------------
Ingrese la cantidad de componentes principales (1-234): 8
Eigenvalores
[146.43459481  35.55063991  19.81022509  16.35638523   7.06402315
   3.29785408   1.82746144   1.51175498]
Eigenvectores
[[-0.06510008  0.06390129  0.00735864 ... -0.18930027 -0.01981799
   0.05751156]
 [-0.06505553  0.06468142  0.00574705 ... -0.18853773 -0.02052332
   0.05701555]
 [-0.06506986  0.06453648  0.00402528 ... -0.18912329 -0.02135227
   0.05796543]
 ...
 [ 0.06175685 -0.06480471  0.07049567 ... -0.07905002  0.00591146
  -0.01292415]
 [ 0.06030205 -0.06953341  0.07379247 ... -0.07807044  0.01551492
  -0.00696035]
 [ 0.05905945 -0.07308792  0.07721301 ... -0.0748521   0.02697107
  -0.00449713]]
Porcentaje de Varianza Explicada por cada componente
[63.15839499 15.33327122  8.54430623  7.05463788  3.04676887  1.42239046
  0.78819852  0.65203184]
Componente Principal para eje X = 4
Componente Principal para eje Y = 5
Porcentajes de Varianza X = 7.054637876823136
Porcentajes de Varianza Y = 3.046768865333387
Porcentajes de Varianza Z = 1.422390460819053
Eje X 		 Eje Y 		 Eje Z
[6.57222093]	[0.42347096]	[-2.12545084]
[2.44926415]	[-8.05709042]	[-2.35596947]
[8.44852613]	[-4.99880687]	[-2.14136396]
[6.20252061]	[-11.42646121]	[-1.67276153]
[7.17400522]	[0.43230009]	[-1.78069696]
[3.96950589]	[-1.30433934]	[-1.44046669]
[6.01202222]	[3.30495713]	[-0.38640555]
[2.58862529]	[-0.81391556]	[0.01022944]
[5.09115951]	[2.1688306]	[-0.6638857]
[0.848119]	[0.18980093]	[-0.58443652]
[5.88361442]	[1.08014488]	[-0.43704783]
[0.848119]	[0.18980093]	[-0.58443652]
[5.09115951]	[2.1688306]	[-0.6638857]
[2.58862529]	[-0.81391556]	[0.01022944]
[6.01202222]	[3.30495713]	[-0.38640555]
[3.96950589]	[-1.30433934]	[-1.44046669]
[6.84461373]	[-2.22708959]	[-1.49322889]
[5.99685732]	[0.57157875]	[-1.95318051]
[5.41305836]	[-6.04685693]	[-2.2472402]
[4.44173718]	[-0.45039342]	[-3.43681318]
[5.86511437]	[2.77875193]	[-1.12606103]
[4.46968949]	[0.69403705]	[-0.96754166]
[4.55047413]	[1.17401784]	[-0.17868942]
[4.89060826]	[3.72388747]	[0.48421384]
[5.86511437]	[2.77875193]	[-1.12606103]
[4.44173718]	[-0.45039342]	[-3.43681318]
[5.23903967]	[3.16319892]	[-1.75486361]
[3.83757235]	[-1.43779227]	[-1.01428702]
[4.72166123]	[0.24580761]	[-1.42883214]
[2.79255746]	[0.07372603]	[-0.31057863]
[4.62252664]	[0.96175003]	[0.07376042]
[0.02300212]	[-1.24365689]	[-1.02456548]
[-3.38463777]	[-0.90833896]	[-0.73366777]
[3.37865197]	[2.30038167]	[1.72000549]
[0.42533913]	[3.4395452]	[-0.32892707]
[4.37601662]	[2.91776546]	[1.50718785]
[5.08673272]	[0.91890234]	[-0.88491062]
[4.55716167]	[1.70001373]	[1.24470835]
[2.48985017]	[2.25558737]	[0.04350396]
[7.94811968]	[2.00076209]	[-0.03507197]
[5.7772712]	[0.15946798]	[-1.76396993]
[-0.74720297]	[-1.23477064]	[-0.50957047]
[3.47527496]	[2.04584953]	[0.24317661]
[3.99528922]	[2.79495617]	[-0.81878802]
[6.43921381]	[2.81557886]	[-0.29195536]
[1.92597187]	[2.16414219]	[0.43261473]
[-1.41759656]	[3.10864148]	[0.56088524]
[-4.68762264]	[0.55444472]	[-0.99723334]
[0.95731077]	[0.05522786]	[-0.69157352]
[-0.00277294]	[-5.5577202]	[-0.87193833]
[0.06468364]	[-5.11358658]	[-0.59163217]
[4.68098798]	[0.6892794]	[0.85965335]
[-3.90776567]	[-0.57520191]	[-1.13610563]
[-2.83427204]	[-4.61463824]	[-0.10917124]
[5.86954583]	[2.05836286]	[-1.24833615]
[5.05081558]	[2.57991104]	[1.29355912]
[2.74579411]	[4.02688458]	[0.88921941]
[0.84390466]	[1.89453002]	[-1.20600852]
[-1.65142472]	[1.76352789]	[0.02075969]
[-3.31920813]	[-4.79323148]	[1.10459491]
[-3.08010828]	[-5.33179063]	[-1.50549532]
[2.74514265]	[1.304786]	[-0.32800115]
[4.3824904]	[-2.34920122]	[0.34024977]
[7.15934122]	[0.55600039]	[-0.7789478]
[0.10826326]	[0.36032828]	[-0.05471463]
[6.74690152]	[1.88582759]	[0.03160324]
[6.99246835]	[3.10567668]	[0.70921415]
[8.01345435]	[3.31333128]	[0.2472867]
[7.44104081]	[3.58027638]	[-0.00244717]
[5.89504788]	[3.1021376]	[-0.4858533]
[2.78271951]	[3.66239864]	[-1.96789442]
[7.14665114]	[2.23934386]	[-1.84746578]
[9.03037107]	[1.88061876]	[-1.46271026]
[8.6536296]	[1.86149254]	[-1.83328258]
[4.73139783]	[2.09610997]	[-0.56421219]
[5.32258232]	[2.5923909]	[-3.4839941]
[3.85245543]	[3.45001432]	[-3.8755844]
[6.68358797]	[5.94569072]	[-5.0418392]
[6.91287927]	[2.74802723]	[-2.14736638]
[5.23752822]	[0.52017675]	[-2.18658029]
[8.02117661]	[3.67466725]	[-0.6815679]
[7.2105578]	[5.39802058]	[2.47116477]
[7.17444932]	[4.93234269]	[2.36826213]
[7.18402217]	[4.35095674]	[0.98844029]
[7.52110583]	[3.17361964]	[-0.51195167]
[8.12436493]	[2.34301934]	[-1.27399823]
[8.29673406]	[0.89524876]	[-0.9047581]
[5.09859461]	[0.74815756]	[-0.24015479]
[8.01980762]	[-0.39171537]	[-3.16604996]
[8.64250102]	[-1.12387624]	[-1.35413875]
[6.32377637]	[0.15889307]	[1.51725201]
[7.07301274]	[-0.26332473]	[0.14472269]
[2.39490219]	[-0.46896283]	[1.10441861]
[-0.18687598]	[-1.28411647]	[1.07182088]
[1.81462181]	[-0.95035798]	[-0.72816224]
[1.96573172]	[2.24681282]	[-0.69466037]
[7.17721662]	[2.68216132]	[-1.74906977]
[4.28990465]	[1.46084902]	[-0.59538512]
[4.37814385]	[0.4699857]	[0.13641968]
[6.04662037]	[2.49324385]	[-0.41555625]
[5.05903123]	[-1.09766331]	[-1.76868314]
[4.2322138]	[-2.98433185]	[-1.85991734]
[2.26031627]	[-0.8212228]	[-1.37439023]
[3.97368454]	[0.45368715]	[0.59974837]
[4.12498437]	[1.4150216]	[0.55532997]
[4.16280536]	[3.22878933]	[0.77953648]
[0.8962085]	[3.13736446]	[-0.02165532]
[1.47091771]	[3.92292888]	[1.38508862]
[2.54301803]	[4.51958167]	[1.52409559]
[4.2877297]	[2.65855049]	[0.91842904]
[1.55930762]	[-0.13784287]	[-0.0923431]
[-4.02981591]	[-0.86436536]	[-0.80703601]
[-1.83133499]	[-9.90489379]	[-1.71616916]
[3.24257083]	[-4.36786046]	[-2.24505855]
[8.43984304]	[-0.74639573]	[-2.40224857]
[8.91125973]	[1.31958988]	[-1.84916881]
[8.53434547]	[3.05046234]	[-0.84105744]
[6.35221211]	[3.39889687]	[0.29382646]
[2.0829525]	[1.85837726]	[-1.27520406]
[3.9377738]	[0.21517294]	[-0.92424197]
[7.01885344]	[3.0673709]	[0.44243426]
[5.9468227]	[3.8648373]	[1.65931405]
[6.94697968]	[2.35896653]	[1.13342772]
[8.21274119]	[1.23554108]	[-0.29284356]
[6.54992993]	[0.71779999]	[-0.66342166]
[5.67381267]	[0.10003105]	[-0.36567533]
[-1.41577878]	[-0.35014637]	[-0.97719891]
[-9.52149956]	[-1.58468535]	[-2.09193499]
[-4.90273982]	[-3.50560405]	[0.58343522]
[3.24607782]	[-1.69458023]	[-0.26763385]
[1.03724972]	[1.35793825]	[-0.37284661]
[2.92026376]	[1.23456313]	[0.91375696]
[5.75505967]	[-4.46726547]	[0.01426299]
[3.64205936]	[-2.89406321]	[-0.29495282]
[1.8051908]	[-8.54096321]	[-1.5303198]
[-0.71726665]	[-9.05768182]	[-1.05948031]
[-3.25656412]	[-7.35634054]	[-1.49284291]
[-6.70955712]	[-2.70344119]	[-1.07224211]
[-3.82406743]	[-5.55734051]	[0.02428281]
[0.52648646]	[-3.87674689]	[-0.17209076]
[0.5696319]	[-1.36364479]	[-0.46963785]
[-5.93576738]	[-5.11979839]	[-1.41770975]
[-0.04468597]	[-5.93942452]	[-0.89663555]
[4.48202743]	[1.5639834]	[0.7748987]
[5.21047492]	[3.29529052]	[0.69998234]
[4.14175226]	[-0.40487649]	[-0.01147106]
[5.35111197]	[-4.15974545]	[-1.8383651]
[7.29738323]	[-3.03950966]	[-1.57421818]
[8.20424191]	[2.40927477]	[-2.1025288]
[6.27633616]	[1.75000226]	[-1.18781967]
[6.81156779]	[1.25872716]	[-2.06154712]
[8.42981064]	[-0.54872009]	[-1.70984257]
[6.64284867]	[-0.56880732]	[-1.33342787]
[0.4796046]	[-3.34062041]	[-2.10649726]
[-0.5931275]	[2.40590772]	[-0.64810592]
[-2.86555864]	[-3.36206049]	[-0.78020872]
[-2.6284593]	[-10.28740599]	[-0.45120686]
[-3.2713484]	[-3.18539847]	[0.50648937]
[3.17603573]	[0.56347987]	[0.34122209]
[4.60154017]	[1.80317475]	[1.89422207]
[3.08107774]	[1.5947825]	[2.04501266]
[-1.79024128]	[2.16578057]	[1.13614356]
[1.22143189]	[-0.18173053]	[0.88963716]
[2.50882971]	[-2.89419611]	[-0.53085086]
[-3.7833021]	[-4.39848711]	[-0.43222804]
[3.53052961]	[-0.2772665]	[0.17118443]
[-0.2067938]	[-0.6535262]	[0.06126533]
[-0.36698888]	[-0.39978462]	[0.75015029]
[0.78898197]	[0.33914402]	[-0.50604851]
[-2.39600585]	[-0.19383296]	[-0.38090362]
[-4.24910718]	[0.55249065]	[-0.68606708]
[-3.5327063]	[1.29588809]	[-1.0701707]
[-3.19351412]	[-0.48304081]	[-1.24536745]
[-2.04826877]	[-3.56093099]	[-1.16844477]
[-3.12959895]	[-7.52065889]	[-0.56573318]
[-3.23129376]	[-6.28200722]	[-0.2406024]
[-9.05323054]	[-3.96297721]	[-2.6997444]
[-7.03251269]	[-2.40039631]	[-2.46820545]
[0.71878986]	[-0.33110047]	[-2.84888039]
[6.46613532]	[2.27129197]	[-1.4384325]
[7.16827774]	[-3.09355892]	[-1.28850895]
[-0.36254294]	[-2.89332759]	[-3.11584162]
[-2.26324658]	[-2.415405]	[-1.84767882]
[1.91750941]	[-4.73106189]	[-2.04172387]
[7.25162225]	[1.79192376]	[-0.26921543]
[5.25070001]	[-1.5204192]	[-3.12230582]
[-2.42560118]	[-6.85045013]	[-2.22586365]
[-1.53029645]	[-0.96498511]	[-0.14812739]
[5.08807406]	[-4.13808624]	[0.60135911]
[1.73113294]	[-11.31105785]	[0.96786891]
[-8.80018894]	[-5.93122246]	[-1.96027756]
[-7.47167954]	[-3.31400512]	[-1.51916863]
[-5.88110363]	[-0.77067488]	[-1.11829373]
[1.44480904]	[0.40015247]	[0.78874986]
[-3.9932317]	[-1.11570968]	[-1.33207018]
[-1.56403052]	[1.35707932]	[0.23768584]
[-1.26447133]	[0.70274346]	[-2.02467226]
[-0.44180178]	[-0.57244996]	[-1.52674777]
[0.40038106]	[-0.1108906]	[-0.70466913]
[-0.14280694]	[0.38817106]	[1.64460409]
[1.04327097]	[-0.24093603]	[0.12580874]
[1.54101844]	[-0.06260162]	[1.88884606]
[0.29884585]	[0.61374235]	[2.35301778]
[-0.5876542]	[-0.64257505]	[-1.54552686]
[-1.25072107]	[1.48706625]	[-3.09707881]
[0.48207464]	[0.19540302]	[0.69621977]
[-3.17891398]	[1.57721951]	[-5.513312]
[-5.44676661]	[2.20921989]	[-5.40623153]
[-2.5025845]	[1.13993706]	[-1.57336651]
[-1.75516344]	[0.4172314]	[-2.09324584]
[-0.57437279]	[-1.06739245]	[-0.36493728]
[0.85545518]	[-0.91229]	[-0.5217849]
[-0.69408116]	[0.15196986]	[2.03741624]
[-1.03693113]	[-0.16730251]	[0.57260149]
[-3.36066806]	[-0.17195258]	[2.57846986]
[-1.62655818]	[-0.34706105]	[2.00386315]
[-1.01613379]	[-0.77606986]	[0.92766172]
[-3.38708426]	[0.73497509]	[-2.06153687]
[-2.82348952]	[-0.07725187]	[0.15549535]
[-4.36509031]	[0.94944677]	[-4.53417712]
[-2.77259242]	[0.43696654]	[-2.2744845]
[-0.11288005]	[-1.11836609]	[-0.39930555]
[-2.85273195]	[-2.20134508]	[1.87765765]
[-1.24663605]	[-0.42929265]	[1.4763689]
[-0.60102025]	[-0.3402214]	[2.4338927]
[-1.96499392]	[-1.23649156]	[1.3137895]
[-1.5294317]	[0.22786166]	[0.84762581]
[1.57889376]	[0.23429024]	[1.68660049]
[0.04928039]	[0.37914484]	[0.53454935]
[-1.82031569]	[0.20160934]	[2.60912098]
[-2.55286278]	[0.41139294]	[2.71709015]
[-2.558001]	[1.79821341]	[-0.88810629]
[-1.1703613]	[0.33709193]	[-1.14976715]
[-2.7504869]	[1.15954041]	[-3.19404385]
[-2.74933616]	[2.54048146]	[-3.35517965]
[-0.89077391]	[1.47818033]	[1.21520147]
[-0.85011868]	[2.2781443]	[-1.70330838]
[-3.74745128]	[3.10363759]	[-4.84649374]
[-3.39625009]	[1.57200975]	[-6.68131589]
[-3.5728572]	[1.50390186]	[-4.95007316]
[-0.91299804]	[0.70042551]	[-4.03101007]
[0.10495653]	[2.00462646]	[-4.23382633]
[-2.12290704]	[2.79658614]	[-5.09229439]
[-5.58816643]	[4.02024127]	[-6.30568618]
[-0.28754542]	[0.33580713]	[0.73743247]
[-6.3411195]	[1.21301442]	[4.01824281]
[-7.10505119]	[2.26234233]	[1.36531705]
[-3.22116302]	[1.06489069]	[0.82247486]
[-1.21267493]	[0.57967926]	[1.18472224]
[-1.96201787]	[1.09774769]	[0.7475337]
[-2.87056743]	[2.1370666]	[-1.96614527]
[0.47867804]	[1.08322439]	[-0.57265327]
[-1.91638727]	[1.52024077]	[-1.18675152]
[-4.58068146]	[0.7043714]	[2.70272939]
[-0.12506125]	[-0.3375233]	[-0.013567]
[-6.63033081]	[1.08641062]	[3.59584468]
[-7.83664734]	[2.21654036]	[1.54017067]
[-6.20616149]	[3.53658541]	[-5.49228759]
[-4.63192065]	[3.95238614]	[-7.05981969]
[-0.78634712]	[2.71675298]	[-4.18405891]
[-0.5047]	[1.29135529]	[1.94258772]
[-0.85015935]	[1.18406192]	[-0.16515067]
[-1.53991294]	[1.87452768]	[0.89580178]
[0.91318874]	[1.83017918]	[2.12028577]
[0.56316621]	[1.9249021]	[-0.07426464]
[-4.41609406]	[3.31073541]	[-4.61956098]
[-2.55012517]	[2.62965245]	[-0.98735459]
[-4.29318545]	[3.40417932]	[-4.92385473]
[-1.2189092]	[2.29210389]	[-0.76352526]
[-1.66249509]	[2.54574304]	[-3.59217402]
[0.84554077]	[1.87457877]	[2.07101338]
[-0.72533688]	[1.68111984]	[0.55309171]
[-0.27449426]	[0.79600315]	[1.83276499]
[-0.42121766]	[2.32845485]	[0.67085778]
[-0.48691267]	[1.8044944]	[-0.1528805]
[-0.20827812]	[-0.76919606]	[0.78204751]
[-1.66893089]	[-1.28004181]	[3.2714804]
[-1.88139801]	[1.36051801]	[-1.38550118]
[-0.50649864]	[1.61746197]	[0.15647325]
[-0.49540544]	[0.64160603]	[0.15443385]
[0.93942615]	[0.18462439]	[0.57647841]
[0.32687441]	[2.19315389]	[1.50543324]
[0.98730973]	[1.29890767]	[-0.9621707]
[-0.05083479]	[1.58025917]	[0.15523774]
[-3.12184595]	[2.01856883]	[1.90167831]
[-4.85311173]	[0.2734197]	[1.7873973]
[-0.65286026]	[0.77491814]	[0.24603193]
[-0.2661454]	[0.33493607]	[-1.71207703]
[0.94385577]	[0.09510679]	[3.31461512]
[-0.93905023]	[0.07614136]	[2.38456815]
[-0.3458747]	[-0.64163899]	[0.57471061]
[-1.83143509]	[1.21232177]	[1.1027248]
[-0.68262187]	[2.05069083]	[2.13294233]
[-0.42121766]	[2.32845485]	[0.67085778]
[-0.48691267]	[1.8044944]	[-0.1528805]
[0.4440051]	[1.03995841]	[0.18389515]
[-0.27449426]	[0.79600315]	[1.83276499]
[1.38216951]	[0.03934062]	[0.8102895]
[0.15744771]	[-0.72200323]	[0.58923944]
[-1.90683444]	[0.57874021]	[0.77574367]
[-4.08219522]	[0.80931292]	[1.52305684]
[-0.83829818]	[0.19779867]	[2.3914333]
[-0.88165067]	[0.68750355]	[1.60359451]
[-2.24853555]	[1.90810663]	[-1.64529868]
[-1.50286961]	[2.18125207]	[-1.50044259]
[-0.74224179]	[1.89171874]	[0.05564547]
[-3.43809965]	[2.30127368]	[-0.44726256]
[-1.17734764]	[0.60880123]	[1.98832713]
[-0.5472711]	[1.23231158]	[1.54313918]
[-2.25959201]	[1.12186751]	[1.65355545]
[-2.27458028]	[0.88929697]	[1.91210956]
[1.33093388]	[0.15627778]	[1.71098676]
[0.54928144]	[-2.53659953]	[2.65613891]
[-5.34643288]	[1.75474733]	[-0.13187965]
[-2.43629511]	[1.2911714]	[-3.47543277]
[-1.58739005]	[0.32990154]	[-2.46159948]
[-3.34404712]	[-0.01337481]	[1.24719543]
[-3.75827517]	[0.48090825]	[-0.63503242]
[-2.43696863]	[-1.17153329]	[0.71437956]
[1.07643273]	[-1.09930832]	[0.60067355]
[-1.50769535]	[0.61874502]	[-3.66529862]
[-0.10821315]	[0.19771142]	[1.27233602]
[1.04937025]	[0.81402985]	[1.21338089]
[1.21991731]	[-0.1268036]	[1.72833123]
[0.93106984]	[1.06302087]	[2.90720498]
[-0.49951906]	[0.90352872]	[1.58111489]
[-1.19691937]	[2.11699862]	[-1.5877216]
[-1.78454687]	[0.14899908]	[3.76703814]
[-0.03391242]	[1.01197248]	[2.08893188]
[-1.94075558]	[1.34815145]	[1.44657171]
[-3.29988556]	[1.77270117]	[1.54739762]
[-1.18489306]	[1.73826993]	[-1.1422665]
[0.77190031]	[1.22509583]	[1.51622274]
[-2.31758185]	[1.18830034]	[-0.41904735]
[-1.58511348]	[1.35404185]	[-1.38850542]
[-0.69868067]	[1.63161137]	[-1.43468384]
[-1.30539353]	[0.75708774]	[0.17205714]
[-0.47360559]	[1.09827553]	[-3.70663894]
[-0.64577803]	[0.60525239]	[-1.16768925]
[1.27987042]	[1.40515833]	[-0.76818361]
[0.31567011]	[1.5147377]	[-0.29240797]
[-0.10777883]	[-2.03109023]	[3.88884629]
[0.41036723]	[-0.96574138]	[-2.71135722]
[-4.50006322]	[1.40735536]	[-0.64536552]
[-1.14959058]	[0.0236487]	[0.16616802]
[-2.53742265]	[-0.26351092]	[-0.51837855]
[0.41308338]	[-0.62179548]	[-0.40629941]
[0.30185546]	[-2.48112112]	[-1.26019653]
[0.5599787]	[-1.88760399]	[-1.92749166]
[1.69277161]	[-1.09391526]	[0.12408698]
[0.4199487]	[-0.233667]	[3.14497343]
[-0.2184946]	[-0.62839785]	[1.90274925]
[-6.02731146]	[0.75081875]	[-0.3956732]
[-4.11382958]	[1.49514342]	[0.31207344]
[-5.31440089]	[-0.10957213]	[-0.18547679]
[-1.85850807]	[-0.88565251]	[-0.03782194]
[-3.44284497]	[-1.54255291]	[-0.16640074]
[-3.87979292]	[-0.30372699]	[-1.67411117]
[-3.73766058]	[0.03986406]	[-1.9964836]
[-2.29698884]	[-0.47286991]	[1.90607627]
[-4.67645697]	[-2.86272744]	[1.69721644]
[-5.45711039]	[-0.23989165]	[2.23966937]
[-8.7411957]	[-0.80927804]	[3.41439126]
[0.59702614]	[-3.50349326]	[2.04120145]
[-4.34883369]	[-1.69749874]	[1.69426678]
[-1.8507599]	[-3.38790767]	[-0.281842]
[4.02450005]	[-4.26608279]	[0.51910199]
[1.67147611]	[-3.05862039]	[0.48177521]
[2.30375614]	[-4.5729967]	[1.4405639]
[-1.41557187]	[-4.95981669]	[2.99597759]
[-0.94943672]	[-2.17181062]	[1.79615199]
[-7.56012212]	[-0.73290306]	[1.09599571]
[-3.73488677]	[-2.40639544]	[1.89315135]
[-1.94820787]	[-1.77799835]	[-0.22039279]
[-2.70180804]	[-2.62671356]	[-0.97911655]
[-2.3237281]	[-3.29129807]	[1.56779241]
[1.68678258]	[-0.88838121]	[-1.16465526]
[-1.3651206]	[-0.78782155]	[0.86092798]
[1.23289767]	[-3.27234773]	[0.25167721]
[3.27339564]	[-3.19211218]	[-0.24941987]
[-2.7262567]	[0.22743079]	[1.66441068]
[0.01941402]	[-1.18589076]	[1.14596441]
[0.71321881]	[-3.10911018]	[2.51170647]
[2.8468576]	[-3.02484166]	[0.47327318]
[2.8468576]	[-3.02484166]	[0.47327318]
[4.62883619]	[-4.83969982]	[2.83326931]
[-1.22758524]	[-1.56180486]	[2.38257373]
[-7.72670049]	[-1.41630046]	[5.23007637]
[2.13205032]	[-1.77424841]	[4.15031473]
[1.09062352]	[-0.29063861]	[2.53580171]
[0.49044575]	[-0.80405964]	[0.78885157]
[-4.0225349]	[1.76923037]	[-0.40466097]
[-0.40597887]	[-1.90635506]	[2.73925297]
[-0.40597887]	[-1.90635506]	[2.73925297]
[0.01941402]	[-1.18589076]	[1.14596441]
[0.71321881]	[-3.10911018]	[2.51170647]
[4.62883619]	[-4.83969982]	[2.83326931]
[1.62104952]	[-5.89072951]	[1.89167274]
[1.52063599]	[-3.9602981]	[3.08807118]
[0.86774065]	[-4.52463504]	[3.06166014]
[-1.21656914]	[-2.00078098]	[2.05117579]
[1.07408568]	[-3.86533582]	[1.1867743]
[0.98570515]	[-3.14359492]	[2.55374693]
[4.62399402]	[-1.13173465]	[-2.47731118]
[5.45135322]	[-6.38681568]	[2.31757736]
[0.72766469]	[-0.60061761]	[2.10413749]
[-1.21656914]	[-2.00078098]	[2.05117579]
[0.19920213]	[1.29050385]	[-1.61966712]
[1.87221298]	[2.15915698]	[1.379071]
[1.27686477]	[1.53928965]	[1.85830798]
[1.83855093]	[1.59151877]	[1.96249782]
[4.07142188]	[0.2098156]	[1.30177957]
[-1.13038107]	[1.15772776]	[-0.51675761]
[5.49225619]	[-2.93661755]	[-2.70918504]
[4.55540469]	[-3.13291008]	[-2.57839097]
[2.57341676]	[-1.32983397]	[-0.61802534]
[-1.01071519]	[1.38167627]	[-0.83753127]
[-3.44298412]	[0.40434038]	[-1.81913354]
[-5.74234277]	[1.11155484]	[-0.86262965]
[-8.14803888]	[-0.32044081]	[-0.38124182]
[-9.65661641]	[3.26825508]	[-0.68472108]
[-2.36500466]	[2.32437495]	[0.25540384]
[0.40063739]	[-0.1745149]	[-1.94539983]
[-1.67289419]	[-1.01272558]	[-0.45391234]
[0.94727642]	[0.3923527]	[-1.69241241]
[-2.75960789]	[2.2285402]	[-0.846077]
[-5.20588119]	[2.52319937]	[1.37478233]
[0.9600582]	[-1.32294633]	[-0.73800316]
[-1.093008]	[0.95603659]	[-0.27902965]
[-4.96025613]	[2.96738822]	[0.55742461]
[-4.06693469]	[1.42352532]	[0.05048268]
[0.11400809]	[-0.08801013]	[-0.30873422]
[0.39920016]	[0.06158883]	[-1.88405745]
[3.87798557]	[-0.5096057]	[-0.73572047]
[-3.76833694]	[2.82946956]	[0.5897022]
[-4.01895097]	[3.36629823]	[0.46356662]
[-8.7729704]	[4.55774285]	[2.25858923]
[-6.04665266]	[1.8669865]	[-1.95131672]
[-5.14400126]	[1.83509644]	[0.64521962]
[-0.46483014]	[-0.43093483]	[-1.05645665]
[4.85775999]	[-2.45191054]	[-1.07859684]
[3.80256008]	[-0.99118418]	[0.1992326]
[3.43481814]	[0.07021282]	[1.10410977]
[-2.64563784]	[2.48007898]	[-0.72032368]
[-6.06263607]	[2.96937133]	[-1.68752659]
[0.22156813]	[-0.79980807]	[-2.69564632]
[2.32731727]	[-0.30158215]	[-0.0970054]
[1.18034735]	[-0.69474297]	[-1.02338912]
[5.06167986]	[-1.60097953]	[0.04517751]
[1.7588114]	[0.8957595]	[-0.74556307]
[-0.42463501]	[0.7950062]	[0.14684498]
[0.53957995]	[-0.34017824]	[0.15972794]
[-0.90197437]	[-2.55520381]	[0.31650298]
[-6.07867579]	[-1.25171496]	[0.66708347]
[-4.18794866]	[-4.87742221]	[0.90311579]
[-1.52754014]	[-4.36695524]	[0.28454171]
[2.39277027]	[-1.54751224]	[0.61956532]
[1.45283956]	[0.64439738]	[1.27392725]
[-0.03536303]	[0.9156129]	[0.34231588]
[-5.29410384]	[0.90857562]	[-0.11417087]
[-1.00050286]	[1.41821092]	[1.01863357]
[-2.12278417]	[1.98750345]	[-0.67016559]
[-4.94230359]	[4.54128817]	[-2.82549881]
[-3.80528885]	[3.46348181]	[-2.80467873]
[-3.67501174]	[2.48094538]	[-1.45364811]
[-4.14240824]	[-1.17430535]	[0.50495205]
[-5.56036567]	[0.82636687]	[-0.41320729]
[-4.67392534]	[2.44977047]	[-0.03147914]
[-7.29189413]	[0.64679823]	[-0.96301286]
[-10.03244147]	[-1.34737599]	[-4.07259349]
[-9.29323467]	[-2.61366212]	[2.38983642]
[-3.65774768]	[-5.83498936]	[4.43421515]
[-9.74225147]	[-0.74484826]	[0.67246621]
[-8.97848762]	[-0.28147627]	[-0.82944785]
[-5.71267575]	[1.05265549]	[-0.3514437]
[-8.51069513]	[3.01889883]	[-1.43054233]
[-3.37658345]	[1.39129212]	[-2.85086263]
[-5.4900622]	[1.78690106]	[-3.12366822]
[-1.9146087]	[1.17979396]	[-0.84168574]
[-1.84358368]	[0.47109822]	[-1.2165502]
[-2.64302899]	[-0.9251675]	[-0.6880321]
[-9.63098825]	[7.36753182]	[-6.20397058]
[-5.01193884]	[2.84875243]	[-6.03865892]
[-4.37480471]	[1.97503573]	[-3.0700854]
[1.86478985]	[0.88054925]	[-1.69469038]
[3.95799634]	[-0.68057753]	[-0.36936919]
[1.69543085]	[0.39898004]	[-0.96414449]
[-4.47216623]	[1.18645562]	[3.6740838]
[-1.11547695]	[0.216637]	[1.73044616]
[-10.12717393]	[4.34618994]	[-0.12951639]
[-6.37665147]	[3.7579109]	[-1.01138201]
[-1.77137908]	[1.46499762]	[0.87086968]
[-2.29594283]	[1.62101399]	[-0.08919466]
[0.92194429]	[-0.14721633]	[-0.9250885]
[-1.07053107]	[-1.11518318]	[0.36888883]
[-3.06138331]	[0.76881226]	[-0.18284346]
[-6.85831733]	[1.04719029]	[0.81299703]
[2.45766945]	[-3.75229601]	[-1.60036372]
[2.46137278]	[-4.38960532]	[-0.34183974]
[-0.53686926]	[-2.19722219]	[-0.9601694]
[-3.69754324]	[-1.42457]	[1.04081215]
[-13.1186877]	[-0.9190337]	[4.8085549]
[-8.2414852]	[1.44971608]	[5.4848553]
[-2.53018644]	[1.23006083]	[0.18682608]
[-2.71585168]	[-2.40691305]	[-0.30893342]
[-3.38026264]	[-5.54531554]	[1.8005871]
[-7.7704888]	[0.27780845]	[5.38097567]
[0.97278071]	[-1.33997959]	[1.56353827]
[2.31264952]	[-2.46721541]	[-1.35812122]
[3.30463695]	[-5.89628341]	[-3.37686293]
[-0.84452428]	[-2.47847518]	[-0.97860623]
[-4.74729477]	[-0.56322228]	[1.23134227]
[-7.43923757]	[1.02563237]	[0.88672661]
[-2.63096943]	[1.11701006]	[0.17487847]
[-5.84982112]	[0.46560438]	[-2.29664069]
[-6.06634609]	[1.69863784]	[-0.03370199]
[-2.687855]	[0.79701658]	[0.21607538]
[-4.68011134]	[1.07074671]	[0.76942885]
[-2.52757587]	[-0.28641593]	[0.25145383]
[-3.52921769]	[1.16636439]	[-1.76501603]
[-7.27015135]	[3.54568663]	[0.16564904]
[-0.34323047]	[1.26975861]	[0.36095935]
[-1.00799588]	[-2.12873568]	[-0.35457151]
[-6.72894715]	[-2.26900922]	[-0.83410709]
[-9.98722014]	[2.39859397]	[0.21180949]
[-7.31447955]	[0.67412242]	[-1.09817778]
[-8.57008334]	[-0.05319248]	[-0.41469403]
[-5.6078783]	[1.5248274]	[1.05312225]
[-0.94011353]	[-1.33105644]	[0.9617949]
[0.0491044]	[-2.95271629]	[0.13568973]
[-1.22643602]	[-1.08105331]	[0.35386771]
[4.50913822]	[-2.93241854]	[-1.69768074]
[1.21804322]	[-1.71991916]	[-1.20477317]
[-4.1632503]	[-1.47655655]	[1.19065969]
[-1.9868143]	[-4.09961824]	[-0.7918805]
[-2.48293359]	[-1.49189895]	[2.63119201]
[2.48158339]	[-2.46178116]	[0.986769]
[3.47315287]	[-4.62666323]	[-2.45894716]
[2.16907493]	[-3.95932271]	[-0.83154394]
[0.51414806]	[-5.49085191]	[0.87077042]
[-3.02340629]	[-0.84578303]	[0.31681748]
[2.08147053]	[-3.80655063]	[-0.40460829]
[-2.22165458]	[-2.06494077]	[1.78685798]
[2.91626951]	[-2.33319871]	[-0.66364359]
[2.45505741]	[-2.01767913]	[0.41031726]
[3.89801056]	[-5.36762502]	[-0.66785543]
[-3.15909335]	[-0.44542932]	[2.60867102]
[0.23714102]	[-0.64480798]	[2.44004238]
[4.84168929]	[-3.04535037]	[-1.4566851]
[-0.18961976]	[-2.89719282]	[1.87314587]
[2.74617934]	[-5.15091958]	[1.33441798]
[0.63275462]	[-3.21099848]	[-0.55249543]
[-8.83918353]	[1.36478684]	[0.33624031]
[-6.97702259]	[-0.38234829]	[2.09559686]
[-2.71416255]	[-2.52482307]	[-0.69451442]
[-3.65641589]	[-1.90480655]	[1.08242565]
[-9.86345814]	[-2.59874796]	[2.69698878]
[-3.16395351]	[-1.56289183]	[-0.15209795]
[-5.80278155]	[2.06633643]	[-4.45426671]
[-4.55722076]	[1.2747705]	[-4.04618754]
[-6.08056182]	[1.74970823]	[1.29385558]
[-0.97504835]	[-0.22537863]	[-0.45851155]
[2.61164244]	[1.08806195]	[-0.8214695]
[-2.30391396]	[3.63884045]	[-0.03025137]
[-3.01260809]	[-0.50414562]	[0.27515176]
[-3.01260809]	[-0.50414562]	[0.27515176]
[-2.86397224]	[-1.44736413]	[0.55591653]
[2.04480833]	[-3.59283709]	[-2.83347405]
[3.52204263]	[-4.04098295]	[-0.70777023]
[1.11889635]	[-1.70554288]	[1.93981968]
[-1.21392404]	[-4.8038179]	[-0.98500541]
[-3.16615175]	[-5.58850679]	[-2.07625743]
[-0.9606869]	[-4.92640336]	[1.2650754]
[-0.46168971]	[-2.27776206]	[2.31586302]
[2.29950495]	[-3.15299297]	[-0.7112627]
[2.46600879]	[-4.53129207]	[-0.88141564]
[1.87459736]	[-2.72553235]	[0.95686897]
[-3.31556016]	[0.19856652]	[3.4402361]
[-0.46053247]	[-0.38709048]	[1.47980477]
[4.38229408]	[-2.33913809]	[-0.51916375]
[3.5394285]	[-3.10619483]	[-2.62423858]
[-4.46626012]	[-1.27486869]	[1.59260019]
[-0.82245831]	[0.09021295]	[2.61320917]
[3.71075859]	[-2.22203105]	[-1.23944918]
[4.05024946]	[-2.89942102]	[-2.13101084]
[1.10980428]	[-1.11589209]	[-3.0271491]
[4.73623535]	[-3.90661726]	[-2.64823758]
[4.80142497]	[-4.80719177]	[-3.25704782]
[4.38451038]	[-2.64237533]	[-1.64539178]
[3.08924555]	[-1.37715484]	[-0.95940312]
[0.31457945]	[-0.0496847]	[0.33682057]
[3.92786946]	[-2.68209528]	[0.56248513]
[-0.88825223]	[-1.91138652]	[1.31216643]
[-1.14139463]	[-3.73699864]	[2.26088148]
[-4.682325]	[-0.72492788]	[2.34411452]
[-1.82366188]	[-1.505754]	[1.30037255]
[-3.97466126]	[-2.44377369]	[-1.89132561]
[1.60551814]	[-3.75655319]	[-3.09457825]
[4.42523197]	[-6.72886077]	[-1.64569859]
[1.29393535]	[-6.53317398]	[0.84609065]
[2.52552235]	[-2.40429215]	[0.2908844]
[-0.14357118]	[-0.95513331]	[0.59637577]
[-0.22202897]	[-4.5745273]	[-0.62937276]
[-4.28519044]	[1.05577394]	[-0.01407841]
[1.70057619]	[-1.3768644]	[-1.73586576]
[4.58281033]	[-3.38128861]	[-1.05877605]
[3.28975277]	[-3.06285802]	[-1.83745336]
[4.74233815]	[-2.33162951]	[0.35161377]
[1.81387254]	[-3.76586049]	[1.88288325]
[1.47851438]	[-3.97862896]	[-0.92952983]
[-5.77223823]	[-0.06962195]	[1.20710102]
[-5.66358907]	[-3.41990119]	[0.51912686]
[2.2139859]	[-7.27261387]	[1.50433749]
[0.54565808]	[-3.25133242]	[-1.92931496]
[2.28925483]	[-2.41131601]	[-1.65862663]
[3.33069641]	[-1.38777846]	[1.02042143]
[4.25044618]	[-1.98123312]	[0.99463966]
[1.08896894]	[-1.39741913]	[-1.26992963]
[-0.54103609]	[-0.42009285]	[-0.66572761]
[3.09993336]	[-1.17263158]	[-0.34776588]
[-2.34166912]	[-0.35118778]	[0.76770793]
[1.29049151]	[5.31197931]	[1.1333584]
[0.403062]	[5.41834739]	[-0.27883255]
[3.09273377]	[3.69082101]	[0.96630989]
[1.09701507]	[4.87813687]	[0.68407339]
[0.12340097]	[4.34477562]	[0.6296776]
[-0.36742925]	[3.1784473]	[-0.31367308]
[1.93261719]	[4.26914154]	[-0.13818066]
[-0.81435307]	[4.68602758]	[-0.47861027]
[-1.01691405]	[4.94895123]	[-0.51590654]
[0.28478085]	[4.91736597]	[0.23589272]
[-0.7219464]	[3.15027967]	[-0.33945465]
[-6.4125986]	[-3.88133312]	[0.65526927]
[-1.66061444]	[1.96903167]	[1.41998628]
[-2.35394217]	[2.03369242]	[1.09827941]
[-7.1446808]	[1.79363424]	[-0.80631068]
[1.06769791]	[3.65724204]	[2.80700657]
[-2.66952847]	[4.4097873]	[-0.43149797]
[-5.1816827]	[3.2589876]	[-1.46344484]
[-0.19486272]	[2.94852121]	[1.33524773]
[0.09833861]	[2.69362847]	[1.68395338]
[-1.14205988]	[0.20991207]	[1.235576]
[-3.47900599]	[-0.18796597]	[0.26120637]
[-4.63550265]	[-7.12907993]	[0.06257334]
[3.26610366]	[-0.40180461]	[0.30099537]
[-6.49219726]	[-2.39771152]	[0.61791981]
[-2.65566458]	[2.7226588]	[0.32840428]
[-3.64156766]	[3.82191998]	[-0.30036281]
[2.55157169]	[2.04357609]	[2.69988965]
[-6.31277246]	[1.42405231]	[-0.47124712]
[-7.43935375]	[2.64945125]	[-1.1488562]
[-2.82406913]	[3.38309983]	[-0.12930655]
[1.37911003]	[3.59467783]	[2.74192624]
[2.4679006]	[2.96507057]	[1.40676422]
[-0.11495046]	[4.27432903]	[1.39220174]
[2.88732866]	[3.40747134]	[2.20269485]
[3.94169581]	[3.0159339]	[1.98871186]
[5.70526871]	[1.06645179]	[1.01351068]
[5.09435152]	[0.98372617]	[-0.30405311]
[0.88473987]	[2.46843738]	[0.01591122]
[0.44254718]	[2.71937522]	[2.06608581]
[3.94487599]	[0.77516796]	[0.41698968]
[3.57017683]	[0.50093665]	[1.32467218]
[-2.36630894]	[-0.90149336]	[0.68533505]
[5.90365329]	[0.67080175]	[2.3826308]
[5.79920072]	[1.79929198]	[1.63841052]
[1.43912696]	[2.22266071]	[1.01413441]
[6.78502466]	[1.09070883]	[1.72717162]
[-0.99027276]	[0.94888144]	[0.69580911]
[1.20732117]	[3.1156684]	[2.1952256]
[0.44254718]	[2.71937522]	[2.06608581]
[0.88473987]	[2.46843738]	[0.01591122]
[5.09435152]	[0.98372617]	[-0.30405311]
[5.70526871]	[1.06645179]	[1.01351068]
[2.13405156]	[-1.96856269]	[2.40180938]
[0.04572219]	[1.93443002]	[1.15677129]
[4.1885818]	[1.23746299]	[1.38761571]
[-1.39864537]	[1.61395612]	[0.17590583]
[3.92632829]	[2.33879739]	[2.13345407]
[1.97191105]	[3.3592793]	[2.38824566]
[-1.65474847]	[2.61873898]	[1.05849436]
[3.50229187]	[1.81813466]	[2.6703291]
[5.32205116]	[1.98836318]	[1.82212564]
[4.57803448]	[2.18436593]	[1.1937907]
[1.57517336]	[2.65700094]	[2.12048952]
[5.15277576]	[1.61223853]	[0.03649793]
[4.72360434]	[1.73735226]	[2.13716462]
[3.35577045]	[2.70859252]	[2.71020696]
[4.23020184]	[1.93251116]	[1.67670754]
[5.91302727]	[0.731267]	[3.20532591]
[2.17251427]	[0.82400441]	[2.31185799]
[4.11037781]	[1.00223372]	[2.67480973]
[4.71229109]	[1.67936344]	[3.08881051]
[1.08337961]	[2.11384234]	[2.19854481]
[2.74434291]	[1.39256486]	[2.05655336]
[2.66091383]	[1.72639815]	[2.11148276]
[2.98824114]	[1.64540366]	[0.82802589]
[5.55928719]	[0.38531296]	[0.55028097]
[4.69200766]	[0.0911022]	[0.7790081]
[4.9736787]	[1.02359643]	[2.63125432]
[6.23782205]	[0.54803593]	[1.69258711]
[5.23692787]	[1.44453762]	[1.8048342]
[-0.671799]	[1.34168]	[2.18993126]
[3.01492553]	[-2.2483887]	[3.8560733]
[1.49636101]	[0.16181274]	[0.68856543]
[-4.32132802]	[0.98847932]	[0.52922763]
[0.16402768]	[0.22143201]	[2.41381935]
[2.6340701]	[2.58508199]	[2.53482442]
[0.98724571]	[4.4617182]	[2.67447945]
[1.80208796]	[3.96075064]	[3.282704]
[2.75211666]	[3.24900544]	[2.63251828]
[-7.54954912]	[1.36513485]	[-0.4287337]
[-7.82027782]	[2.28831608]	[-1.81178163]
[-3.46179989]	[3.52149869]	[-0.93449751]
[0.02491304]	[4.135891]	[1.40952483]
[-0.71952576]	[2.77351462]	[0.76956027]
[-7.19679111]	[-0.21897177]	[-1.44298797]
[-9.7622615]	[0.54599952]	[-1.96579732]
[-4.63822337]	[2.7507566]	[-0.44083162]
[-3.65640244]	[1.20194215]	[0.90314362]
[-5.41640471]	[-4.10584636]	[1.7429081]
[-5.31674735]	[-1.85476044]	[1.15611838]
[-1.80417104]	[3.28437049]	[0.90083818]
[-0.35953888]	[2.28046258]	[1.69060881]
[-6.43679987]	[0.38452421]	[-0.6020266]
[-3.15173055]	[3.27289975]	[0.85330785]
[-8.82524684]	[2.33300878]	[-2.01980322]
[-1.33608063]	[2.22143306]	[0.39753426]
[2.62009509]	[3.20630748]	[2.26009018]
[2.84940704]	[2.89046308]	[2.39847852]
[-0.10175964]	[1.88714179]	[1.67157963]
RESULTADO PCA
[[ 6.57222093  0.42347096 -2.12545084]
 [ 2.44926415 -8.05709042 -2.35596947]
 [ 8.44852613 -4.99880687 -2.14136396]
 ...
 [ 2.62009509  3.20630748  2.26009018]
 [ 2.84940704  2.89046308  2.39847852]
 [-0.10175964  1.88714179  1.67157963]]